225,135,60,70
225,141,57,63
225,137,55,68
221,137,54,65
216,134,57,61
214,131,55,62
213,125,55,66
213,123,57,70
214,120,52,66
210,112,57,72
204,107,59,69
203,105,58,71
203,102,60,69
200,96,58,69
198,97,62,65
190,95,65,61
189,93,56,56
190,91,57,58
190,89,57,54
190,87,55,63
188,89,58,57
188,91,65,58
191,91,59,62
190,94,61,62
190,96,63,59
191,98,61,60
196,104,58,61
197,104,55,69
197,109,61,64
200,105,58,69
204,107,55,68
203,102,58,72
204,98,58,65
204,92,57,70
210,82,56,73
209,78,59,71
212,76,56,69
211,73,60,66
212,72,60,69
213,71,59,71
216,70,55,72
216,70,63,74
215,78,62,69
214,84,62,65
218,87,60,71
217,93,60,70
214,99,62,63
219,107,59,67
215,114,63,66
218,114,64,67
223,121,54,67
223,124,61,71
225,120,61,72
228,116,64,73
231,108,64,78
235,106,60,73
234,98,64,71
237,94,58,65
238,87,55,63
238,85,60,68
241,87,58,61
237,90,61,68
241,93,56,64
241,96,55,66
240,97,61,63
241,102,64,62
240,101,62,61
244,103,62,60
243,100,62,63
245,102,60,60
242,103,65,63
243,108,64,65
250,110,57,62
245,115,56,63
246,113,66,65
249,113,58,71
250,115,59,70
247,112,61,64
249,106,59,64
252,96,57,65
252,87,57,67
257,78,54,64
250,70,60,66
255,62,61,70
257,60,57,65
258,59,58,73
257,62,62,66
259,63,58,58
256,65,60,59
259,69,61,61
259,66,60,64
258,72,57,59
259,75,60,59
259,79,61,60
257,82,61,67
256,83,61,64
255,90,61,63
252,96,62,65
248,98,62,72
243,98,64,74
239,95,66,71
240,97,63,68
233,84,69,66
238,82,66,64
236,65,63,70
240,60,59,67
243,55,59,66
244,57,60,63
248,66,62,59
253,74,61,57
252,75,67,60
257,84,62,58
254,84,68,62
257,88,66,59
256,88,64,53
250,89,70,57
251,87,70,55
251,82,68,61
246,81,66,63
248,87,55,67
244,91,57,63
238,93,65,66
238,98,66,67
236,96,70,69
239,96,69,74
241,88,66,68
248,77,59,73
246,70,67,72
252,66,64,73
258,65,65,66
260,65,61,66
261,71,67,66
266,76,62,73
270,85,60,69
268,94,65,63
268,100,60,59
267,104,66,65
270,101,62,65
268,104,60,64
265,102,61,64
264,99,61,70
261,96,59,76
260,100,58,76
251,101,64,78
248,106,63,74
242,107,62,72
239,109,61,77
237,106,64,81
239,99,60,77
240,93,56,71
246,88,55,70
250,77,55,73
247,70,60,70
250,62,63,76
250,67,72,63
259,75,62,62
259,83,63,62
257,92,68,64
257,100,62,62
256,98,72,66
254,109,60,55
255,104,68,61
250,102,65,57
247,98,63,59
244,94,63,69
240,94,58,70
235,95,62,66
233,102,65,70
232,99,60,73
229,101,60,73
226,106,61,73
224,106,64,67
226,95,62,79
232,88,57,73
233,77,60,70
231,69,67,81
236,68,60,71
238,68,62,63
241,64,58,73
243,72,68,62
242,79,70,60
246,85,66,65
243,91,73,67
247,95,65,66
245,96,66,68
243,100,65,67
242,98,66,63
240,99,71,66
238,103,72,70
238,102,66,73
235,105,66,72
228,110,70,65
227,110,68,70
222,112,71,70
220,106,73,69
215,107,71,71
219,97,72,75
223,84,60,78
221,77,63,76
218,68,67,72
221,60,61,71
220,52,58,74
218,48,63,75
215,48,69,70
213,49,70,70
217,52,66,69
218,54,62,66
220,56,68,70
218,63,62,68
218,66,65,67
225,72,56,68
218,76,68,68
218,83,58,69
221,89,58,70
222,95,59,67
220,101,66,58
221,105,67,72
224,107,63,67
226,110,64,61
231,103,61,70
230,98,65,73
230,93,67,67
234,85,63,65
231,80,69,65
231,72,68,69
232,65,68,72
235,55,62,73
237,48,64,73
239,45,64,63
242,36,68,75
239,33,73,72
245,31,69,75
244,28,69,72
246,28,74,75
245,28,78,71
247,33,76,76
248,33,79,76
253,37,73,76
248,37,76,81
253,52,73,71
254,56,75,72
245,62,86,73
248,60,72,83
241,57,75,75
237,54,75,73
233,48,76,70
230,42,75,82
226,37,73,80
217,32,81,84
214,33,75,80
210,33,76,72
205,33,74,74
200,37,79,75
200,36,74,81
198,40,72,68
200,44,72,69
189,52,79,66
186,52,75,68
181,54,76,71
178,57,73,71
176,55,76,73
170,69,76,66
171,66,74,76
160,72,78,74
160,74,79,78
157,78,80,73
165,79,72,73
165,73,78,77
169,67,75,80
177,61,74,75
181,49,77,80
181,36,83,79
187,37,81,77
190,31,85,74
199,26,76,81
195,29,88,72
200,25,86,73
206,22,84,77
210,24,87,74
216,21,81,73
220,23,84,79
220,26,85,75
226,30,83,71
228,37,85,68
227,37,85,77
237,46,76,72
244,56,74,73
236,68,80,73
233,71,80,78
225,78,81,79
223,73,80,82
216,71,79,69
211,50,78,80
204,36,84,79
197,28,87,77
190,21,82,82
188,18,79,79
182,18,82,71
180,26,76,67
174,27,80,65
176,28,77,72
176,32,73,57
173,39,74,48
177,40,66,50
169,40,70,49
168,45,70,48
164,46,71,56
163,53,72,55
158,59,74,52
157,63,73,55
156,74,67,51
153,82,68,58
152,80,69,65
152,77,70,69
153,74,69,70
158,62,68,73
160,51,73,68
165,42,71,69
168,30,72,68
172,24,70,71
171,23,75,66
175,20,69,71
180,18,68,68
181,17,72,73
184,19,70,70
185,19,69,68
191,21,68,65
192,22,68,69
192,21,69,68
194,26,65,71
192,28,69,66
194,36,64,70
193,37,67,74
199,51,63,70
190,53,68,74
192,56,68,76
194,63,67,74
192,60,64,72
190,59,68,72
188,52,71,73
190,47,67,71
187,39,67,68
189,36,68,66
186,33,72,70
190,32,66,75
184,29,68,81
180,31,66,72
182,33,68,78
184,33,64,73
185,35,61,67
183,31,61,75
178,27,68,81
179,33,65,72
179,35,66,73
176,38,69,74
172,44,67,73
167,51,67,77
167,62,62,76
162,75,66,70
158,79,65,76
154,88,69,73
156,98,58,71
149,101,68,68
147,109,66,69
146,107,57,64
