225 135	 285 205
225 141 282 204
225 137 280 205
221 137 275 202
216 134 273 195
214 131 269 193
213 125 268 191
213 123 270 193
214 120 266 186
210 112 267 184
204 107 263 176
203 105 261 176
203 102 263 171
200 96 258 165
198 97 260 162
190 95 255 156
189 93 245 149
190 91 247 149
190 89 247 143
190 87 245 150
188 89 246 146
188 91 253 149
191 91 250 153
190 94 251 156
190 96 253 155
191 98 252 158
196 104 254 165
197 104 252 173
197 109 258 173
200 105 258 174
204 107 259 175
203 102 261 174
204 98 262 163
204 92 261 162
210 82 266 155
209 78 268 149
212 76 268 145
211 73 271 139
212 72 272 141
213 71 272 142
216 70 271 142
216 70 279 144
215 78 277 147
214 84 276 149
218 87 278 158
217 93 277 163
214 99 276 162
219 107 278 174
215 114 278 180
218 114 282 181
223 121 277 188
223 124 284 195
225 120 286 192
228 116 292 189
231 108 295 186
235 106 295 179
234 98 298 169
237 94 295 159
238 87 293 150
238 85 298 153
241 87 299 148
237 90 298 158
241 93 297 157
241 96 296 162
240 97 301 160
241 102 305 164
240 101 302 162
244 103 306 163
243 100 305 163
245 102 305 162
242 103 307 166
243 108 307 173
250 110 307 172
245 115 301 178
246 113 312 178
249 113 307 184
250 115 309 185
247 112 308 176
249 106 308 170
252 96 309 161
252 87 309 154
257 78 311 142
250 70 310 136
255 62 316 132
257 60 314 125
258 59 316 132
257 62 319 128
259 63 317 121
256 65 316 124
259 69 320 130
259 66 319 130
258 72 315 131
259 75 319 134
259 79 320 139
257 82 318 149
256 83 317 147
255 90 316 153
252 96 314 161
248 98 310 170
243 98 307 172
239 95 305 166
240 97 303 165
233 84 302 150
238 82 304 146
236 65 299 135
240 60 299 127
243 55 302 121
244 57 304 120
248 66 310 125
253 74 314 131
252 75 319 135
257 84 319 142
254 84 322 146
257 88 323 147
256 88 320 141
250 89 320 146
251 87 321 142
251 82 319 143
246 81 312 144
248 87 303 154
244 91 301 154
238 93 303 159
238 98 304 165
236 96 306 165
239 96 308 170
241 88 307 156
248 77 307 150
246 70 313 142
252 66 316 139
258 65 323 131
260 65 321 131
261 71 328 137
266 76 328 149
270 85 330 154
268 94 333 157
268 100 328 159
267 104 333 169
270 101 332 166
268 104 328 168
265 102 326 166
264 99 325 169
261 96 320 172
260 100 318 176
251 101 315 179
248 106 311 180
242 107 304 179
239 109 300 186
237 106 301 187
239 99 299 176
240 93 296 164
246 88 301 158
250 77 305 150
247 70 307 140
250 62 313 138
250 67 322 130
259 75 321 137
259 83 322 145
257 92 325 156
257 100 319 162
256 98 328 164
254 109 314 164
255 104 323 165
250 102 315 159
247 98 310 157
244 94 307 163
240 94 298 164
235 95 297 161
233 102 298 172
232 99 292 172
229 101 289 174
226 106 287 179
224 106 288 173
226 95 288 174
232 88 289 161
233 77 293 147
231 69 298 150
236 68 296 139
238 68 300 131
241 64 299 137
243 72 311 134
242 79 312 139
246 85 312 150
243 91 316 158
247 95 312 161
245 96 311 164
243 100 308 167
242 98 308 161
240 99 311 165
238 103 310 173
238 102 304 175
235 105 301 177
228 110 298 175
227 110 295 180
222 112 293 182
220 106 293 175
215 107 286 178
219 97 291 172
223 84 283 162
221 77 284 153
218 68 285 140
221 60 282 131
220 52 278 126
218 48 281 123
215 48 284 118
213 49 283 119
217 52 283 121
218 54 280 120
220 56 288 126
218 63 280 131
218 66 283 133
225 72 281 140
218 76 286 144
218 83 276 152
221 89 279 159
222 95 281 162
220 101 286 159
221 105 288 177
224 107 287 174
226 110 290 171
231 103 292 173
230 98 295 171
230 93 297 160
234 85 297 150
231 80 300 145
231 72 299 141
232 65 300 137
235 55 297 128
237 48 301 121
239 45 303 108
242 36 310 111
239 33 312 105
245 31 314 106
244 28 313 100
246 28 320 103
245 28 323 99
247 33 323 109
248 33 327 109
253 37 326 113
248 37 324 118
253 52 326 123
254 56 329 128
245 62 331 135
248 60 320 143
241 57 316 132
237 54 312 127
233 48 309 118
230 42 305 124
226 37 299 117
217 32 298 116
214 33 289 113
210 33 286 105
205 33 279 107
200 37 279 112
200 36 274 117
198 40 270 108
200 44 272 113
189 52 268 118
186 52 261 120
181 54 257 125
178 57 251 128
176 55 252 128
170 69 246 135
171 66 245 142
160 72 238 146
160 74 239 152
157 78 237 151
165 79 237 152
165 73 243 150
169 67 244 147
177 61 251 136
181 49 258 129
181 36 264 115
187 37 268 114
190 31 275 105
199 26 275 107
195 29 283 101
200 25 286 98
206 22 290 99
210 24 297 98
216 21 297 94
220 23 304 102
220 26 305 101
226 30 309 101
228 37 313 105
227 37 312 114
237 46 313 118
244 56 318 129
236 68 316 141
233 71 313 149
225 78 306 157
223 73 303 155
216 71 295 140
211 50 289 130
204 36 288 115
197 28 284 105
190 21 272 103
188 18 267 97
182 18 264 89
180 26 256 93
174 27 254 92
176 28 253 100
176 32 249 89
173 39 247 87
177 40 243 90
169 40 239 89
168 45 238 93
164 46 235 102
163 53 235 108
158 59 232 111
157 63 230 118
156 74 223 125
153 82 221 140
152 80 221 145
152 77 222 146
153 74 222 144
158 62 226 135
160 51 233 119
165 42 236 111
168 30 240 98
172 24 242 95
171 23 246 89
175 20 244 91
180 18 248 86
181 17 253 90
184 19 254 89
185 19 254 87
191 21 259 86
192 22 260 91
192 21 261 89
194 26 259 97
192 28 261 94
194 36 258 106
193 37 260 111
199 51 262 121
190 53 258 127
192 56 260 132
194 63 261 137
192 60 256 132
190 59 258 131
188 52 259 125
190 47 257 118
187 39 254 107
189 36 257 102
186 33 258 103
190 32 256 107
184 29 252 110
180 31 246 103
182 33 250 111
184 33 248 106
185 35 246 102
183 31 244 106
178 27 246 108
179 33 244 105
179 35 245 108
176 38 245 112
172 44 239 117
167 51 234 128
167 62 229 138
162 75 228 145
158 79 223 155
154 88 223 161
156 98 214 169
149 101 217 169
147 109 213 178
146 107 203 171
