190 210 230 310
188 213 229 311
186 210 229 308
183 216 227 311
186 218 224 311
175 217 220 317
178 224 225 312
174 229 223 313
172 231 218 312
176 233 219 318
174 230 220 317
171 229 223 321
187 230 230 311
193 229 226 313
197 232 230 316
198 227 235 306
202 224 236 308
202 222 237 313
202 220 240 304
204 219 247 306
203 215 245 303
208 218 241 305
212 220 248 309
211 222 258 309
212 226 258 311
222 228 266 312
227 228 258 320
228 230 272 325
234 228 273 318
232 226 279 318
244 226 285 316
243 223 285 313
249 225 293 312
251 222 298 309
251 223 306 307
260 220 303 305
259 223 309 309
270 226 311 312
272 229 324 314
275 227 317 311
282 232 322 308
285 235 331 312
289 231 337 314
289 237 332 314
288 234 331 309
282 230 340 315
279 231 332 313
285 232 337 303
287 234 334 310
287 230 334 315
286 228 336 312
283 227 332 313
281 227 328 317
279 227 330 319
278 222 327 315
278 225 326 313
275 224 323 311
272 226 322 317
270 232 317 312
265 234 312 312
264 236 312 322
259 238 300 314
254 242 312 315
251 239 305 318
241 239 308 324
232 239 298 326
231 240 298 326
222 244 293 331
223 244 282 325
213 240 272 323
213 242 268 322
205 240 261 320
207 244 254 330
193 236 242 325
184 237 238 317
179 233 229 327
178 231 230 324
170 234 218 331
164 234 209 325
161 237 207 317
161 236 200 325
152 231 192 321
148 228 184 323
140 223 189 323
134 227 185 321
131 223 182 313
130 222 182 316
123 222 172 316
119 227 172 322
119 227 164 319
113 220 158 319
112 221 162 318
111 218 160 319
111 218 158 316
104 214 155 319
103 217 154 303
108 218 152 307
102 216 148 304
108 216 154 316
101 214 152 313
103 217 155 317
111 211 157 317
110 209 159 302
106 206 160 297
117 201 159 302
114 199 165 298
119 201 167 297
123 194 163 295
127 194 172 295
127 193 178 296
137 198 178 289
133 193 183 294
137 186 185 287
139 192 191 288
146 182 194 283
148 185 198 288
149 184 202 286
151 184 206 281
159 186 207 286
157 184 212 285
170 185 212 283
167 182 218 284
176 180 222 282
178 179 222 276
174 171 227 277
183 172 226 280
186 176 237 277
190 171 242 276
195 175 241 275
192 176 241 273
197 175 241 270
199 171 244 271
204 168 246 265
205 170 250 266
202 168 250 264
206 163 248 263
204 164 257 266
207 163 258 261
208 164 258 260
214 166 255 254
214 167 253 258
209 166 259 259
216 165 263 257
220 167 259 258
223 169 260 260
225 163 260 248
220 160 266 248
226 157 263 252
229 165 264 244
227 162 262 242
229 166 272 253
232 163 267 258
234 166 271 256
234 168 275 263
239 164 275 254
242 161 283 253
244 163 282 242
246 164 288 260
248 157 291 258
244 159 288 259
246 162 293 255
249 156 290 251
246 158 295 253
254 155 299 255
252 149 296 257
259 157 300 263
261 158 300 242
264 159 302 249
264 151 307 241
266 161 310 249
270 154 306 250
274 155 313 257
270 159 312 254
272 153 313 248
277 159 315 257
276 154 319 248
273 153 324 251
277 157 325 247
271 159 329 252
273 155 320 252
270 151 321 250
275 153 321 257
278 152 326 252
277 153 325 255
279 154 319 246
280 147 318 251
281 151 322 240
278 149 325 252
283 156 315 247
280 152 316 234
281 152 321 245
284 159 316 242
282 156 315 247
283 152 319 245
283 152 318 252
282 160 317 244
284 156 318 249
282 154 319 251
281 151 318 245
280 156 321 248
283 155 312 246
285 149 322 254
277 157 322 255
284 161 318 252
285 156 320 250
281 164 320 249
288 155 324 251
279 160 314 251
288 165 325 251
284 157 319 243
284 161 323 246
279 154 323 251
282 156 321 252
280 157 321 256
280 160 320 263
277 159 323 259
278 158 318 258
281 157 318 259
280 157 320 261
285 158 319 257
279 160 319 265
284 161 318 260
278 166 318 265
280 168 314 267
278 175 318 262
272 170 309 261
273 169 317 267
273 172 311 264
269 171 307 268
270 172 305 270
265 175 307 273
262 168 300 268
266 168 300 265
259 168 297 267
252 168 293 266
259 169 290 269
254 174 293 279
246 176 289 272
249 177 282 271
252 178 285 281
242 182 281 277
246 180 278 276
243 188 281 272
235 179 277 285
233 183 271 282
227 182 265 286
225 183 268 276
230 176 265 288
222 178 263 277
224 184 259 273
222 175 256 274
220 179 257 277
215 178 256 281
216 176 254 281
212 175 248 278
213 181 249 288
207 180 249 279
207 183 246 293
208 186 238 292
202 188 242 290
201 185 243 293
198 191 240 288
202 188 241 293
192 191 236 287
195 191 235 285
190 191 235 289
194 193 233 287
190 189 234 280
190 180 228 276
186 182 233 279
188 179 230 284
186 182 230 282
184 184 231 287
186 186 232 288
187 186 233 295
188 184 229 290
187 185 230 295
182 183 230 293
180 185 232 303
179 180 227 294
181 185 233 290
184 174 231 291
175 174 221 288
183 179 221 292
181 179 231 291
179 184 229 285
181 188 231 295
182 182 235 297
185 180 228 293
191 176 241 295
189 176 230 290
193 179 227 285
189 176 229 287
191 183 233 295
189 177 227 297
187 183 230 295
189 182 226 295
183 184 223 299
179 187 226 300
184 185 222 301
176 190 221 306
179 193 216 303
172 193 215 304
167 197 218 313
166 195 211 314
159 195 210 306
164 193 202 303
158 196 206 320
160 193 197 309
157 198 197 315
154 194 195 316
154 194 189 314
149 194 189 309
149 196 179 310
148 195 185 308
144 195 182 314
146 195 181 311
144 193 174 310
140 197 175 313
139 197 174 308
139 193 174 317
130 195 173 320
132 196 172 321
129 202 174 322
127 202 175 329
129 201 175 320
130 199 175 325
129 205 170 321
132 199 174 325
130 202 175 323
126 201 172 316
130 200 175 319
130 201 168 320
131 202 169 316
131 204 170 324
135 203 174 324
137 208 177 330
137 206 176 328
138 208 178 322
144 207 176 321
147 207 178 317
144 206 179 324
146 211 179 321
145 205 183 322
145 208 186 322
145 208 187 326
147 212 185 324
144 210 185 322
150 212 184 324
143 210 186 324
148 208 183 320
148 210 182 327
145 212 184 325
137 206 177 327
140 212 182 325
142 207 180 328
144 206 172 331
145 208 175 333
142 207 170 330
146 207 179 335
143 208 176 328
143 204 180 332
144 205 172 337
144 207 176 328
142 202 181 332
139 206 181 335
140 211 177 333
146 205 182 328
144 211 182 339
143 212 179 331
145 205 183 325
148 212 183 330
143 211 179 320
145 210 181 328
152 215 177 324
144 206 185 327
149 205 176 339
150 211 187 326
150 210 186 327
145 214 189 324
147 213 185 321
150 213 186 330
152 213 189 331
153 217 186 322
154 213 186 324
155 218 190 328
160 216 188 323
158 221 189 327
159 215 193 321
157 223 195 326
156 219 185 331
153 220 188 338
156 219 188 335
158 220 191 326
159 217 191 336
158 218 190 337
151 216 195 343
155 220 193 338
154 222 194 330
154 222 194 332
156 223 197 332
154 219 193 330
155 217 195 329
156 224 198 329
155 217 197 319
156 225 192 338
155 222 195 340
148 219 195 334
157 218 199 337
156 217 199 341
160 217 202 339
159 216 204 334
155 217 206 338
156 216 203 340
159 214 205 341
157 215 205 341
162 216 206 338
158 217 205 335
155 214 209 337
160 215 211 334
160 216 204 336
160 213 204 340
159 218 205 338
160 219 204 342
166 215 202 346
169 219 207 340
162 214 204 340
161 220 213 342
172 218 208 340
173 216 208 343
166 217 213 338
173 215 216 339
175 216 214 341
173 222 218 339
174 218 221 343
177 215 223 334
177 220 223 333
181 216 224 337
187 213 229 341
184 214 233 334
187 214 229 335
193 218 235 341
192 220 236 335
192 220 236 338
198 218 234 339
196 214 239 341
204 214 241 346
200 215 245 345
195 221 246 337
207 215 243 333
207 210 254 334
210 217 248 323
213 213 254 329
211 214 255 339
216 214 259 345
218 219 264 337
223 222 267 339
220 219 266 333
228 223 276 334
230 226 280 336
235 226 286 344
235 226 289 341
242 226 291 333
241 224 291 332
251 226 304 332
261 225 310 333
268 225 308 337
269 225 317 332
280 221 328 336
278 220 331 328
294 218 331 322
305 220 343 322
310 218 350 321
314 222 354 324
327 223 358 322
327 223 368 327
334 226 372 323
337 220 382 325
350 219 390 323
358 220 399 327
368 223 406 322
373 221 419 320
380 230 421 322
386 228 425 322
397 224 439 321
405 224 445 320
406 222 457 322
416 226 455 325
421 223 454 328
425 222 459 327
425 222 461 318
424 217 463 322
422 215 459 320
422 209 451 312
407 212 450 314
409 207 454 308
410 203 448 305
410 201 440 305
407 199 437 307
402 196 439 302
398 194 437 305
394 190 431 298
395 192 431 299
392 190 423 298
387 179 418 290
381 189 421 296
376 184 418 295
369 182 416 297
367 181 418 289
368 184 407 300
357 178 404 298
359 182 401 302
361 183 395 298
362 183 398 300
356 181 386 282
355 181 391 283
350 178 390 285
352 178 389 279
345 178 389 275
347 174 386 274
352 171 382 280
352 172 379 277
353 172 379 281
350 169 382 287
351 172 383 288
349 171 379 272
348 171 379 274
350 172 390 279
345 175 386 277
351 170 383 268
350 175 380 271
342 172 379 282
344 175 385 278
348 174 388 280
344 174 385 283
340 176 382 272
344 175 382 276
341 175 380 277
340 174 377 277
340 173 377 281
342 177 380 287
339 182 374 272
332 178 377 281
335 180 372 278
341 185 374 283
330 181 370 275
333 177 363 277
339 183 368 278
331 183 371 281
332 179 362 282
332 181 367 280
331 179 360 278
325 176 350 271
327 180 354 270
314 178 360 275
316 174 361 276
319 177 358 277
318 174 355 277
311 175 359 282
313 175 357 280
313 177 353 286
311 179 355 276
311 179 353 278
307 179 349 288
311 181 351 283
308 180 351 286
301 178 346 284
298 181 340 272
295 180 342 284
297 179 343 281
294 178 340 282
297 177 338 277
295 177 333 281
291 174 336 287
292 176 335 276
293 172 332 282
294 174 334 275
290 174 333 278
291 174 329 271
291 174 333 279
294 174 328 280
293 175 335 283
294 176 335 280
290 177 336 279
292 175 336 278
290 177 332 277
289 173 333 272
289 172 334 274
287 168 332 273
285 170 330 279
283 166 331 268
288 167 330 271
290 165 332 266
286 162 335 272
291 163 332 271
292 162 330 272
288 161 333 267
287 166 329 272
296 165 333 272
287 165 333 265
295 170 327 265
296 165 337 268
301 164 338 269
304 162 333 262
299 161 336 266
304 158 340 266
313 161 353 270
311 157 354 268
316 161 354 261
313 160 357 264
316 161 362 262
323 166 360 265
321 162 362 266
322 160 369 265
320 160 363 261
321 157 371 256
326 159 372 261
331 159 370 255
324 158 369 262
330 158 374 258
331 152 372 256
329 151 371 251
329 148 367 245
323 147 368 243
326 140 368 245
323 139 373 242
325 135 373 242
330 139 374 235
325 141 365 236
324 137 365 236
321 138 365 238
326 141 365 238
326 144 363 240
325 144 365 238
327 152 367 245
325 149 363 248
326 154 363 249
325 158 365 252
327 156 364 251
319 159 367 253
324 157 368 246
326 157 367 257
333 161 368 256
329 160 371 255
328 157 369 255
329 162 370 259
328 165 372 263
329 166 374 262
325 165 369 257
323 168 362 261
326 169 369 262
330 173 365 264
330 176 370 269
327 179 368 265
333 181 371 267
332 183 371 271
332 183 370 274
335 186 376 290
334 191 377 288
332 195 375 293
339 200 374 295
339 207 377 296
342 210 376 301
338 205 378 306
341 207 382 307
340 210 377 306
338 209 376 310
340 209 380 312
338 216 382 312
338 214 382 312
340 216 380 316
344 216 382 315
339 216 380 314
336 213 379 314
337 211 379 307
335 210 379 313
339 208 380 311
339 211 377 315
339 212 380 308
337 211 378 307
346 208 383 313
336 204 385 312
344 211 385 309
341 208 389 313
344 209 383 309
340 209 383 307
341 205 379 309
345 210 377 308
346 208 382 309
341 204 384 308
344 208 378 305
345 205 386 307
342 203 382 306
344 207 384 305
342 207 380 304
344 207 382 305
342 207 377 305
342 207 384 313
340 207 383 311
344 200 375 312
339 207 381 309
338 205 380 312
341 213 380 310
336 208 377 301
339 209 378 306
339 209 380 304
343 207 376 297
334 208 379 302
339 205 371 303
334 205 376 309
333 207 375 307
336 207 372 303
340 209 375 302
340 206 378 307
329 203 372 313
343 217 367 307
330 207 373 308
334 207 372 315
332 207 366 306
334 205 366 300
325 201 367 305
322 200 366 302
317 195 364 295
313 198 361 297
303 195 363 302