65 65 135 335
66 56 138 333
70 55 139 332
74 55 145 332
76 56 148 333
81 57 146 332
83 55 150 328
85 57 152 327
86 58 152 329
92 57 155 329
97 58 162 327
97 54 166 326
102 57 168 326
103 57 170 329
105 58 172 327
109 63 175 324
113 61 179 328
116 63 180 322
120 64 184 319
122 62 188 326
124 63 189 323
128 66 190 323
132 65 193 324
131 65 198 327
136 66 201 321
139 69 204 322
140 66 202 320
143 69 210 323
148 70 210 317
148 69 212 315
150 70 213 320
154 72 217 318
154 72 217 318
157 72 221 313
160 72 220 315
161 74 224 315
166 71 228 315
170 74 230 310
170 73 232 312
175 70 234 305
175 74 235 312
178 74 238 306
178 69 236 303
179 74 240 307
183 76 245 310
185 74 243 309
187 76 249 309
187 77 250 311
187 73 249 307
191 74 252 303
193 75 251 303
197 73 255 301
200 74 255 300
201 73 257 296
205 75 259 297
205 73 264 298
206 73 264 295
211 75 264 298
213 76 269 297
213 77 267 292
214 77 268 290
216 79 269 289
219 79 273 295
221 79 272 291
220 80 276 291
221 81 277 293
224 74 277 293
224 79 282 292
224 79 283 293
227 81 285 295
228 80 284 292
232 80 287 290
231 78 285 295
233 79 288 294
234 80 291 287
235 84 290 288
232 78 291 295
236 83 290 294
242 81 296 288
243 81 293 286
244 81 294 285
247 81 297 283
244 80 300 284
246 83 302 282
243 82 302 294
249 81 303 281
250 81 302 277
251 81 305 279
250 80 305 283
248 86 306 279
253 84 308 286
253 84 309 286
254 85 308 274
252 84 311 279
256 84 308 280
259 83 309 280
257 83 312 275
257 84 313 290
259 84 312 281
260 90 310 279
260 85 314 281
262 86 315 278
261 95 318 280
263 92 316 275
267 95 314 274
268 91 319 276
268 95 321 273
268 95 322 280
274 97 319 272
271 91 320 271
272 96 324 276
275 91 325 274
276 96 325 272
276 99 323 273
279 96 323 281
283 93 328 275
283 97 328 271
279 91 327 271
278 92 327 275
281 96 328 269
278 97 327 268
281 91 329 266
277 97 328 270
277 93 328 260
279 92 331 264
278 93 329 270
280 96 330 263
281 93 333 264
283 90 331 262
288 91 330 256
289 88 330 256
286 88 330 256
284 91 331 256
287 89 332 257
286 90 333 256
289 91 337 258
289 90 333 252
289 89 332 258
291 87 334 254
294 89 338 253
294 90 338 253
290 89 337 254
291 89 336 256
294 91 339 250
292 89 341 253
292 89 338 255
295 91 342 254
298 91 342 251
298 92 345 255
296 92 344 254
301 92 346 252
303 96 347 251
302 90 345 253
305 95 345 252
306 98 352 253
306 92 348 244
307 95 348 248
307 92 352 253
309 95 351 253
308 95 351 251
308 97 350 246
310 95 352 242
308 96 352 245
310 98 355 247
310 98 354 244
311 96 352 246
310 98 354 251
316 95 355 242
316 96 357 245
313 97 354 241
317 99 358 242
317 101 355 248
319 98 358 235
318 95 354 238
315 100 363 244
321 96 359 242
319 94 361 240
319 94 358 240
321 95 361 242
324 95 361 237
320 95 359 238
322 95 362 235
324 96 359 241
323 98 364 238
326 94 367 235
325 94 361 240
325 97 364 236
327 95 364 232
329 97 366 234
328 99 366 232
326 97 366 234
331 98 368 236
331 100 364 231
330 99 370 238
330 98 369 233
331 99 369 234
331 98 369 231
332 100 374 231
335 104 371 225
332 102 373 231
335 102 375 230
334 100 373 228
334 101 371 226
336 102 372 228
337 102 369 221
336 104 373 224
338 99 372 222
340 102 374 228
338 103 377 227
340 103 375 224
340 101 373 228
342 103 375 226
341 103 374 224
341 100 375 230
342 101 374 226
341 101 375 225
343 101 376 224
343 103 377 226
342 105 376 224
342 102 373 219
342 105 374 218
343 104 375 220
345 103 377 221
344 104 377 221
345 107 378 221
345 107 376 222
343 106 377 220
344 102 380 216
343 104 378 214
341 103 380 218
341 103 381 215
342 105 381 218
341 104 378 217
343 106 380 220
342 103 380 218
343 104 380 218
343 105 378 221
342 105 380 218
344 107 381 219
342 107 383 221
341 108 377 217
343 106 379 215
343 106 376 214
343 108 376 213
340 109 376 218
341 107 375 215
342 109 377 216
343 108 378 209
342 107 376 214
343 107 377 213
341 108 373 211
342 109 376 212
344 109 377 208
343 109 376 209
342 113 376 211
343 111 373 211
343 111 376 209
345 110 375 211
342 112 376 208
347 110 375 208
345 112 375 213
344 109 376 213
343 106 378 218
342 109 374 211
343 111 375 212
345 111 376 213
345 112 377 214
346 113 378 211
344 111 376 211
345 111 376 210
345 109 376 211
348 110 378 211
343 109 379 213
347 112 376 210
346 109 374 208
347 109 376 209
348 111 377 209
350 113 375 209
346 112 379 215
348 112 377 212
348 111 377 208
346 112 377 215
350 110 378 208
350 115 377 212
348 115 378 213
350 112 377 207
351 113 378 205
350 115 375 207
350 113 376 209
355 114 381 208
351 109 377 209
351 113 378 209
352 111 378 205
352 112 376 206
351 113 375 203
350 114 376 207
352 113 377 205
351 112 377 207
353 115 379 206
350 113 377 203
351 112 378 207
351 114 378 204
352 114 377 201
353 112 376 205
352 115 376 202
350 116 378 203
353 113 378 203
350 112 377 203
349 111 378 204
351 113 377 204
355 115 377 203
353 113 379 204
349 111 375 202
351 113 379 204
353 111 378 203
350 114 379 201
352 118 375 203
352 117 378 201
347 112 378 197
351 115 373 199
351 116 375 200
351 117 377 199
351 116 375 195
347 116 375 198
348 115 373 198
349 116 376 195
348 117 376 195
350 118 372 192
349 117 374 195
352 118 373 195
351 116 372 195
352 118 373 197
353 117 373 194
350 118 375 198
349 119 372 200
349 116 374 201
349 118 374 200
346 116 373 196
348 119 373 197
349 117 373 195
350 117 375 199
348 118 375 193
350 121 377 193
350 119 375 197
350 115 374 197
351 120 376 197
352 119 374 192
352 122 374 190
349 122 376 194
351 120 375 192
351 119 377 198
