160,55,212,232
160,54,212,231
160,53,212,230
160,53,212,230
161,52,213,229
161,52,213,229
161,51,213,228
162,51,214,228
160,50,212,227
158,49,210,226
157,49,209,226
155,48,207,225
154,48,206,225
152,47,204,224
151,47,203,224
149,46,201,223
148,46,200,223
147,46,199,222
147,47,199,222
146,48,198,222
146,48,198,222
145,49,197,222
145,50,197,222
145,51,197,222
144,51,196,221
144,52,196,221
143,53,195,221
143,53,195,221
142,54,194,221
142,55,194,221
142,56,194,221
141,56,193,220
141,57,193,220
140,58,192,220
140,58,192,220
139,59,191,220
139,60,191,220
139,61,191,220
139,61,191,219
140,61,192,219
140,62,192,219
141,62,193,219
142,62,194,219
142,63,194,218
143,63,195,218
143,63,195,218
144,64,196,218
145,64,197,218
145,64,197,217
146,65,198,217
146,65,198,217
147,65,199,217
148,66,200,217
149,66,202,217
150,66,205,218
151,66,207,219
153,66,210,220
154,66,213,221
155,66,215,222
157,66,218,223
158,66,221,224
159,66,223,225
161,66,226,225
162,66,228,226
163,66,231,227
165,66,234,228
166,66,236,229
167,66,239,230
169,66,242,231
170,66,244,232
171,66,247,233
173,66,250,234
175,65,251,233
178,64,253,233
181,63,254,233
183,62,256,233
186,61,257,233
189,60,259,232
191,59,260,232
194,58,262,232
197,57,264,232
199,56,265,232
202,55,267,231
205,54,268,231
207,53,270,231
210,52,271,231
213,51,273,231
216,51,275,231
213,53,274,230
211,56,274,230
209,58,274,229
206,61,274,229
204,64,274,228
202,66,274,228
199,69,274,227
197,72,274,227
195,74,274,226
193,77,274,226
190,80,274,225
188,82,274,225
186,85,274,224
183,88,274,224
181,90,274,223
179,93,274,223
177,96,274,223
178,95,274,223
180,94,274,223
182,94,274,223
184,93,274,223
186,93,274,223
187,92,274,223
189,91,274,223
191,91,274,223
193,90,274,223
195,90,274,223
194,87,271,222
194,85,268,221
193,82,266,220
193,80,263,220
192,77,261,219
192,75,258,218
192,73,256,218
186,65,249,210
181,57,243,202
175,49,237,194
170,41,230,186
164,33,224,178
159,25,218,170
157,22,215,167
155,20,213,165
153,17,210,162
151,15,208,160
154,18,211,163
158,22,215,167
162,26,219,171
165,30,222,175
169,34,226,179
173,38,230,183
177,42,234,187
182,46,240,191
188,51,247,195
194,56,253,199
200,61,260,203
205,65,267,207
211,70,273,211
217,75,280,215
223,80,287,219
225,80,290,218
228,80,294,218
231,80,298,217
233,81,301,217
236,81,305,217
239,81,309,216
241,82,312,216
244,82,316,215
247,82,320,215
250,83,324,215
245,80,319,215
240,78,314,215
236,76,310,216
231,74,305,216
227,72,301,217
222,70,296,217
218,68,292,218
213,66,287,218
208,64,282,218
204,62,278,219
199,60,273,219
195,58,269,220
190,56,264,220
186,54,260,221
181,52,255,221
177,50,251,222
176,52,250,223
176,55,250,224
175,57,249,225
175,60,249,226
174,62,248,227
174,65,248,228
173,68,247,229
173,70,247,230
172,73,246,231
172,75,246,232
171,78,245,233
171,80,245,234
170,83,244,235
170,86,244,237
171,85,246,236
172,85,248,236
173,85,250,236
175,84,252,235
176,84,254,235
177,84,256,235
179,84,258,235
180,83,260,234
181,83,262,234
182,83,264,234
184,82,266,233
185,82,268,233
186,82,270,233
188,82,272,233
191,80,275,233
194,79,278,233
197,78,281,234
200,77,284,234
203,75,287,234
206,74,290,235
209,73,293,235
212,72,296,235
215,70,299,236
218,69,302,236
221,68,305,236
225,67,309,237
224,66,308,236
224,65,308,235
223,65,307,235
223,64,307,234
222,64,306,234
222,63,306,233
221,62,305,232
221,62,305,232
220,61,304,231
220,61,304,231
219,60,303,230
219,59,303,229
218,59,302,229
218,58,302,228
217,58,301,228
217,57,301,227
217,57,301,227
216,57,300,227
215,58,299,227
214,59,299,227
213,59,298,227
212,60,297,228
211,61,297,228
210,61,296,228
209,62,295,228
208,63,295,228
207,64,294,229
206,64,293,229
206,65,293,229
205,66,292,229
204,66,291,229
203,67,291,230
202,68,290,230
201,69,289,230
200,69,289,230
199,70,288,230
198,71,287,231
197,71,287,231
196,72,286,231
195,73,285,231
195,74,285,232
195,72,284,232
195,71,283,232
195,70,282,232
195,69,281,232
195,68,280,232
195,66,279,232
195,65,278,232
195,64,277,232
195,63,276,232
195,62,275,232
195,62,273,232
195,62,272,232
195,62,271,232
195,62,269,232
195,62,268,232
195,62,267,232
195,62,265,232
195,62,264,232
195,62,263,232
195,62,261,232
195,62,260,232
195,62,259,232
195,63,259,232
195,64,260,232
195,65,261,232
195,67,262,232
195,68,262,232
196,69,263,233
196,70,264,233
196,72,265,233
196,73,265,233
196,74,266,233
196,75,267,233
197,77,268,234
197,75,269,233
198,74,271,233
198,73,273,232
199,72,274,232
199,71,276,231
200,70,278,231
201,68,279,231
201,67,281,230
202,66,283,230
202,65,284,229
203,64,286,229
204,63,288,229
204,61,287,228
204,60,285,228
204,59,283,228
205,58,281,228
205,57,279,228
205,56,277,228
206,55,275,228
206,54,273,228
206,53,271,228
207,53,269,229
207,53,269,229
207,53,270,229
207,53,270,229
207,54,271,230
207,54,271,230
207,54,272,230
207,55,272,231
207,55,273,231
207,55,273,231
207,56,274,232
207,56,274,232
207,56,275,232
207,57,275,233
207,57,276,233
207,57,277,233
207,58,277,234
207,58,278,234
207,58,278,234
207,59,279,235
207,59,279,235
207,59,280,235
207,60,280,236
207,60,281,236
207,60,281,236
207,61,282,237
207,61,282,237
207,61,283,237
207,62,284,238
209,62,287,238
211,62,291,238
213,62,294,238
215,62,298,238
217,62,301,238
219,62,305,238
221,62,308,238
223,62,312,238
225,62,315,238
227,62,319,238
229,62,322,238
232,63,326,239
234,59,327,239
237,56,328,240
239,53,329,241
242,50,330,242
245,47,332,243
247,44,333,243
249,42,334,243
252,40,335,243
254,38,336,244
257,36,337,244
259,34,338,244
262,32,339,245
260,31,336,246
258,30,333,248
256,29,330,250
255,29,327,252
249,29,322,251
244,30,317,251
239,30,312,250
233,31,307,250
228,32,303,249
223,32,298,249
218,33,293,249
212,34,288,248
207,34,283,248
202,35,279,247
197,35,274,247
191,36,269,246
186,37,264,246
181,37,259,246
176,38,255,245
170,39,250,245
165,39,245,244
160,40,240,244
155,41,236,244
154,42,235,244
153,43,234,244
152,44,233,244
151,45,232,244
150,46,231,244
150,47,231,244
149,48,230,244
148,49,229,244
147,50,228,244
146,51,227,244
145,52,226,244
145,53,226,244
145,53,226,244
146,53,226,244
147,53,226,244
148,53,226,244
149,53,226,244
150,53,226,244
151,53,226,244
151,53,226,244
152,53,226,244
153,53,226,244
154,53,226,244
155,53,226,244
156,53,226,244
157,53,226,244
158,53,226,244
158,56,226,244
158,60,226,244
158,64,226,244
158,68,226,244
158,72,226,244
158,76,226,244
158,80,226,244
158,84,226,244
158,88,226,244
158,92,226,244
158,96,226,244
159,95,226,243
160,95,227,243
162,95,228,243
163,95,228,243
164,95,229,243
166,94,230,242
167,94,230,242
168,94,231,242
170,94,232,242
171,94,233,242
172,94,233,242
174,93,234,241
175,93,235,241
176,93,235,241
178,93,236,241
179,93,237,241
181,93,238,241
183,92,240,240
186,91,243,239
188,91,245,239
191,90,248,238
194,89,251,237
196,89,253,237
199,88,256,236
201,87,258,235
204,87,261,235
207,86,264,234
209,85,266,233
212,85,269,233
215,84,272,232
217,83,274,231
220,83,277,231
222,82,279,230
225,81,282,229
228,81,285,229
230,80,287,228
233,79,290,227
236,79,293,227
233,79,290,226
230,80,287,225
227,81,284,224
224,81,281,223
222,82,279,222
219,83,276,221
216,83,273,221
213,84,270,220
211,85,268,219
208,85,265,218
205,86,262,217
202,87,259,216
200,88,257,216
198,88,256,215
197,89,255,215
196,90,254,215
195,91,254,215
194,92,253,215
193,93,252,215
192,94,252,215
191,95,251,215
189,96,250,215
188,97,249,215
187,98,249,215
186,99,248,215
185,100,247,215
184,101,247,215
183,102,246,215
182,103,245,215
181,104,245,215
181,104,245,215
182,105,245,216
183,105,245,216
184,106,246,217
185,106,246,217
186,107,246,218
186,108,246,219
187,108,247,219
188,109,247,220
189,109,247,220
190,110,247,221
191,111,248,222
190,109,248,221
190,108,248,221
190,106,249,220
190,105,249,220
190,103,250,220
190,102,250,219
190,100,251,219
190,99,251,219
190,97,252,218
190,96,252,218
190,95,253,218
190,91,251,218
190,87,249,218
190,84,247,218
190,80,245,218
190,77,243,218
190,73,241,218
190,69,239,218
190,66,237,218
190,62,235,218
190,59,234,218
192,60,239,217
194,61,244,216
197,62,249,215
199,63,255,214
202,64,260,213
204,65,265,212
207,66,270,211
209,67,276,210
212,68,281,209
214,69,286,208
217,70,292,207
220,69,294,206
223,69,297,206
226,68,299,205
229,68,302,205
232,67,304,204
235,67,307,204
238,67,309,204
241,66,312,203
244,66,314,203
247,65,317,202
250,65,319,202
253,64,322,201
256,64,324,201
260,64,327,201
260,60,327,201
260,57,328,201
260,53,329,201
260,50,330,201
260,47,330,201
260,43,331,201
260,40,332,201
261,37,333,202
258,36,331,204
256,36,329,206
253,36,328,208
251,36,326,210
248,36,324,212
246,36,323,214
243,36,321,216
241,36,320,219
235,36,322,224
229,37,324,229
223,37,326,234
218,38,329,239
212,39,331,244
206,39,333,249
200,40,335,254
195,41,338,259
187,36,327,260
179,31,317,261
172,26,307,263
164,21,297,264
157,16,287,266
149,11,277,267
142,7,267,269
133,6,258,268
125,6,250,268
116,6,241,268
108,6,233,268
99,6,224,268
91,6,216,268
82,6,207,268
74,6,199,268
66,6,191,268
65,11,190,267
64,17,189,266
63,23,188,266
62,29,187,265
61,34,186,265
60,40,185,264
59,46,184,263
58,52,183,263
57,57,182,262
56,63,181,262
55,69,180,261
55,75,180,261
56,78,179,259
57,81,179,257
58,84,179,255
59,87,179,253
60,91,179,251
62,91,179,248
65,91,180,245
67,91,180,242
70,92,181,239
77,87,185,234
84,82,189,229
91,77,194,224
91,77,193,222
92,78,193,220
93,79,193,218
94,79,192,216
95,80,192,214
96,81,192,212
97,82,192,210
98,81,193,209
99,80,194,208
100,79,195,207
101,78,196,206
102,77,197,205
104,77,199,205
105,78,199,204
107,79,199,204
109,80,199,204
111,81,200,204
113,82,200,203
115,83,200,203
117,84,200,203
119,85,201,203
123,83,202,201
127,82,203,200
131,81,204,199
135,80,205,198
139,79,206,197
143,78,208,196
145,78,210,196
147,79,212,197
149,79,214,197
151,80,216,198
151,81,219,199
151,83,222,201
151,84,225,202
152,86,228,204
152,85,232,203
152,84,236,202
153,83,240,201
153,82,244,200
154,82,248,200
155,80,246,200
156,79,245,201
158,77,244,201
159,76,243,202
160,75,241,203
162,73,240,203
163,72,239,204
165,71,238,205
