78.033,64.168,52.547,130.22
78.033,62.28,53.177,129.28
78.663,61.651,52.547,128.02
78.663,61.022,52.857,127.39
78.663,60.708,52.227,123.62
77.404,59.764,51.916,124.57
76.146,59.449,52.234,123.93
76.146,59.449,51.284,125.19
75.516,60.708,51.284,123.93
74.258,61.337,50.972,124.24
74.258,61.966,50.032,124.87
73.628,64.168,49.402,124.56
73.943,65.426,49.087,124.24
75.202,67.313,48.138,123.94
75.202,68.257,47.508,124.87
75.202,69.515,48.138,124.87
76.46,70.773,48.14,123.62
76.46,71.402,47.83,124.25
73.314,70.459,49.396,122.99
71.111,69.201,48.459,123.3
72.37,67.628,48.77,123.61
75.202,66.999,47.828,122.99
75.202,65.741,47.828,119.53
75.202,64.482,47.828,119.22
75.831,63.224,48.459,119.22
75.831,62.28,47.509,120.16
74.887,60.708,47.513,118.9
75.831,59.449,47.199,118.9
75.831,57.562,47.199,119.53
75.202,55.99,46.878,120.16
75.202,55.99,46.878,118.9
75.202,55.36,46.878,119.53
75.202,55.36,46.568,119.53
75.831,55.36,45.939,119.53
77.404,55.36,45.626,120.16
77.404,57.248,45.626,119.84
75.831,57.248,45.309,119.53
75.831,57.562,45.629,119.22
77.719,59.764,45.621,117.02
77.719,60.708,45.621,115.12
77.719,61.651,46.881,114.18
79.607,63.224,47.193,112.61
81.495,64.797,47.195,112.92
83.382,65.426,47.198,113.55
84.956,65.741,47.824,113.24
88.102,63.853,46.568,114.18
87.473,63.853,47.197,114.18
86.844,63.853,47.516,114.5
87.473,63.853,46.887,114.5
88.102,63.853,47.508,114.5
90.62,64.168,46.88,114.18
92.822,64.168,45.938,114.18
92.822,62.91,45.938,114.18
91.878,63.224,44.682,113.87
91.249,63.853,44.051,113.24
93.137,62.91,42.163,111.03
94.395,62.91,41.845,109.46
94.395,63.539,41.845,108.83
94.395,63.539,40.595,109.15
94.395,63.224,39.645,109.78
94.395,65.741,39.645,109.46
94.395,65.741,40.275,109.46
93.766,65.741,40.594,109.78
92.822,66.684,39.328,111.04
92.822,66.684,39.328,111.67
92.822,66.684,39.958,111.67
94.081,68.886,41.219,110.4
96.598,68.886,40.902,110.4
98.486,69.201,40.274,109.46
98.8,69.201,41.22,108.21
100.37,69.201,41.85,106.32
101.95,68.886,42.16,104.43
103.21,68.571,42.47,104.75
104.46,68.571,43.11,104.75
104.46,67.313,42.8,106.01
103.21,66.999,42.47,105.69
101,66.37,43.11,105.69
102.26,65.426,44.05,106.31
102.26,66.055,43.42,106.63
99.43,68.886,44.37,106.94
98.8,71.088,44.68,106.31
102.58,71.088,43.73,105.69
103.83,72.346,43.74,105.37
100.06,72.975,44.05,105.38
98.171,72.975,42.159,105.38
100.06,72.975,41.22,104.12
104.15,71.717,40.27,102.22
106.04,68.571,39.33,101.6
107.3,65.741,38.07,101.6
109.18,63.853,37.45,102.23
112.96,63.539,37.13,102.54
115.79,63.539,37.13,102.54
117.05,63.539,37.13,102.54
118.31,63.853,36.81,103.49
119.25,66.055,37.45,102.22
121.77,68.571,36.81,101.91
121.77,69.83,38.07,100.97
122.08,70.773,37.13,101.6
122.71,72.66,37.45,100.34
125.23,73.29,37.13,99.71
125.23,72.346,37.76,100.02
125.23,71.402,37.76,98.768
125.23,70.459,37.76,97.511
125.23,70.459,39.65,97.511
127.12,69.201,39.96,98.139
128.38,67.628,40.59,98.772
130.58,68.257,39.33,98.763
130.58,67.942,39.96,99.078
130.58,67.313,39.96,99.087
130.58,67.628,39.96,98.772
130.27,67.628,40.27,98.772
131.21,67.628,39.33,98.772
131.21,67.628,39.33,98.772
131.21,69.201,39.33,99.399
133.73,70.773,36.81,98.767
134.04,70.773,36.5,99.707
134.67,71.402,35.87,99.078
134.99,71.402,35.55,96.248
139.08,71.402,35.24,96.248
NaN,NaN,NaN,NaN
NaN,NaN,NaN,NaN
NaN,NaN,NaN,NaN
NaN,NaN,NaN,NaN
NaN,NaN,NaN,NaN
157.64,73.29,36.18,97.19
161.1,73.29,34.93,96.88
163.93,72.975,36.5,97.195
163.93,72.975,38.39,96.565
166.45,70.773,39.02,97.507
166.45,70.773,39.65,97.507
166.45,70.773,39.65,97.507
166.45,71.088,39.96,97.192
166.14,71.088,40.27,97.192
168.34,71.717,39.33,94.993
171.17,72.975,38.07,94.045
170.23,71.717,38.38,95.933
168.65,71.717,37.76,95.303
168.34,72.346,37.13,94.674
168.34,72.346,37.13,94.674
169.91,71.402,36.19,95.618
168.97,69.83,36.18,96.57
168.65,67.628,34.61,97.822
165.19,65.741,35.24,97.509
162.36,62.28,35.24,98.14
161.1,61.337,35.56,99.083
161.1,61.337,35.56,97.823
160.79,60.393,35.55,98.767
159.84,59.764,35.24,98.136
157.64,59.135,35.56,98.765
155.44,59.135,36.81,96.255
156.07,59.449,37.75,95.311
157.95,60.708,38.08,95.312
157.95,60.708,39.02,96.882
160.47,60.708,39.96,96.562
164.25,60.708,39.01,96.562
161.1,61.337,39.65,97.193
159.84,61.966,39.96,98.134
161.1,63.853,39.96,97.827
164.56,65.426,41.54,98.134
168.02,66.37,39.96,98.14
169.6,64.797,39.33,97.823
170.54,64.168,38.39,98.142
173.69,64.168,37.44,98.142
175.26,62.91,37.76,97.51
178.09,61.966,36.82,97.824
179.98,61.966,35.87,97.824
180.92,61.966,34.62,95.624
181.55,61.966,33.99,95.624
180.3,62.91,32.72,95.62
178.41,62.91,33.66,95.62
178.41,62.91,33.66,95.94
179.04,61.651,33.03,96.879
179.04,59.764,33.03,97.506
178.72,59.764,33.35,97.506
177.15,59.764,33.67,97.506
176.52,58.506,34.3,97.194
176.52,57.248,32.72,98.452
175.26,56.619,32.41,97.511
175.26,55.046,30.52,97.824
173.69,55.046,31.46,97.824
171.17,57.248,32.72,97.192
168.34,58.506,33.67,97.194
167.08,58.506,35.56,97.514
165.51,58.506,38.38,98.134
165.51,59.135,38.38,97.505
164.56,59.135,39.96,97.505
165.82,59.449,39.96,97.191
168.97,59.449,41.22,97.511
171.48,59.449,41.54,97.511
172.74,59.449,42.48,97.511
174.95,58.82,42.16,97.51
175.89,58.82,42.48,98.45
175.89,59.449,42.48,100.34
175.89,61.337,42.16,101.6
177.15,65.426,42.16,99.394
182.18,66.999,41.22,99.081
184.7,66.999,41.53,99.081
184.7,63.853,40.59,100.97
185.33,61.022,38.7,101.6
187.53,60.393,37.45,101.92
192.57,59.764,34.92,101.29
196.03,59.135,35.55,101.59
198.86,57.562,33.98,102.23
198.86,57.562,33.98,102.54
198.23,58.191,33.35,102.86
196.97,59.135,33.67,102.86
195.4,59.135,34.3,102.86
194.14,59.449,33.98,100.97
192.88,59.449,34.3,101.91
191.62,59.449,32.73,102.54
189.73,60.393,32.73,103.17
188.16,60.708,33.98,103.8
186.9,61.651,34.61,104.12
187.85,61.651,33.66,104.43
187.85,61.651,33.66,104.43
190.05,61.337,34.3,103.8
190.05,61.966,35.55,103.17
189.42,61.022,36.18,104.12
188.16,61.022,35.87,103.8
186.27,60.393,36.5,104.43
185.64,59.135,37.45,104.12
184.7,57.248,38.07,105.06
181.55,57.248,38.39,103.48
176.52,55.675,40.27,102.55
176.52,54.731,40.27,102.54
175.58,54.731,41.21,103.17
176.52,55.046,41.53,103.48
177.78,55.046,43.73,104.43
179.35,55.99,42.48,104.11
178.09,57.248,43.11,103.8
177.15,57.877,43.11,105.06
178.41,59.449,43.42,105.06
179.98,59.449,42.48,105.06
179.98,58.82,43.11,105.06
179.98,58.191,43.11,104.75
180.61,57.248,42.48,105.69
182.5,56.304,42.79,105.69
186.27,55.046,42.48,106
188.16,55.046,40.59,104.74
188.16,54.417,40.59,104.11
188.16,54.417,39.02,102.54
186.9,55.36,39.02,101.6
187.85,55.36,36.5,102.86
187.85,56.304,35.87,102.86
189.42,59.135,34.93,102.86
189.42,61.022,36.81,103.8
189.42,61.651,35.56,104.12
189.42,61.651,35.56,104.43
191.31,62.28,34.61,104.12
191.94,62.28,34.29,104.12
189.73,61.337,34.3,104.74
189.73,60.393,34.3,104.43
189.42,59.449,34.93,104.11
188.16,57.562,34.3,105.06
185.96,56.619,34.3,104.43
182.18,56.619,36.5,102.54
178.41,56.619,39.33,101.91
178.41,55.99,39.33,100.65
177.15,55.046,39.33,101.91
176.2,56.619,38.39,101.28
175.58,57.248,38.7,102.85
173.06,58.506,39.64,102.85
171.48,59.135,40.59,103.81
170.86,61.337,40.9,103.48
169.28,61.966,42.17,102.85
169.91,62.91,42.16,103.49
171.17,63.853,42.16,104.12
171.17,66.055,42.16,104.11
169.91,67.628,42.16,103.8
168.65,67.628,42.8,102.85
168.65,66.37,41.85,103.17
169.6,65.112,38.38,103.17
170.54,62.91,35.87,102.54
170.54,61.966,33.04,100.34
171.48,61.022,33.36,101.92
171.48,60.079,33.36,102.86
171.17,60.079,31.78,102.86
168.34,59.449,32.72,103.17
166.45,61.337,32.72,102.22
160.47,61.966,37.13,103.48
154.81,62.91,42.79,103.8
151.66,66.055,45.94,102.54
149.46,69.515,47.2,101.92
146.94,71.088,47.83,102.23
144.42,72.031,47.83,101.29
141.91,74.233,47.2,101.92
141.91,75.492,45.31,101.29
142.54,75.492,42.79,99.708
142.54,75.492,41.53,99.708
140.33,73.604,41.54,100.35
138.76,72.346,37.76,101.6
134.04,72.346,38.07,100.34
131.84,70.459,39.64,102.23
130.58,69.201,40.9,103.49
129.32,69.515,39.96,103.17
127.75,69.515,41.53,104.11
126.8,69.515,42.48,105.05
126.8,72.66,42.48,103.49
126.8,72.66,42.48,104.43
127.43,72.66,43.11,105.37
128.38,75.177,42.16,103.8
129.95,75.177,41.22,104.11
131.84,75.806,40.27,103.8
133.73,76.121,38.38,103.49
134.99,76.121,37.12,104.43
134.99,77.064,38.07,101.29
134.36,76.435,33.66,100.66
134.36,74.548,33.66,101.6
134.36,73.604,34.92,102.55
133.41,72.346,35.87,103.8
132.15,71.717,35.24,102.85
130.89,71.088,36.5,102.85
129.01,70.773,37.76,102.86
126.49,70.773,38.39,101.92
125.23,70.144,38.07,102.55
128.38,70.144,36.18,103.8
131.21,71.088,33.98,103.8
127.43,71.088,35.87,103.48
123.03,70.144,35.55,103.18
115.16,70.144,38.07,103.8
110.44,68.886,39.02,103.48
106.67,66.37,39.64,101.91
103.83,65.112,41.22,100.66
103.83,64.168,41.22,101.6
104.46,64.168,40.59,100.97
104.46,64.168,40.91,101.91
103.21,65.741,41.53,100.97
102.26,65.112,41.85,101.92
102.26,65.112,41.85,101.92
98.171,65.112,41.849,101.29
94.081,65.112,43.109,101.29
94.081,65.112,42.159,101.29
95.969,65.426,42.161,102.22
96.913,65.426,41.217,102.54
98.171,66.37,39.959,102.54
100.37,66.684,39.65,103.49
102.58,67.628,39.33,101.6
104.15,66.999,39.02,99.081
104.15,64.797,38.7,98.143
101.95,63.224,38.38,99.716
102.26,63.853,36.5,99.707
102.26,64.797,37.76,99.713
104.78,65.112,36.5,100.66
104.78,64.482,36.5,101.29
103.83,62.91,36.82,100.65
103.21,61.022,37.44,100.97
103.21,61.022,37.44,100.97
104.78,61.966,38.07,100.02
104.78,61.966,39.96,100.65
104.78,61.966,39.96,100.65
103.21,62.91,39.33,100.97
99.744,63.853,40.906,100.03
97.542,65.112,40.588,98.768
94.395,65.112,40.595,97.198
93.451,65.112,40.279,97.198
91.878,66.37,40.592,96.25
90.305,66.37,39.335,98.14
89.046,67.942,38.704,98.458
89.046,67.942,38.704,98.458
85.9,67.942,40.59,98.458
84.326,66.684,39.964,98.766
84.326,64.797,39.964,99.083
84.326,64.797,39.964,97.823
84.326,63.853,39.964,98.767
84.326,62.595,39.964,99.715
85.27,62.595,39.65,99.715
87.788,62.28,37.762,99.71
86.844,61.022,38.706,99.708
87.788,61.651,38.392,99.399
89.361,63.853,37.759,98.137
89.99,64.482,38.39,96.568
91.564,66.37,37.126,94.99
89.676,66.37,38.074,96.88
89.676,68.571,38.384,96.569
93.137,68.571,37.133,96.569
93.766,68.571,38.074,97.829
93.766,71.402,37.134,97.198
93.766,73.29,38.704,98.77
97.227,78.008,38.073,96.252
97.227,78.952,39.013,97.508
95.654,80.524,39.336,97.506
94.71,81.468,39.65,97.192
92.822,81.468,39.958,96.882
92.822,80.21,38.698,96.57
94.081,78.952,38.069,96.568
96.598,76.75,37.132,96.25
98.171,75.492,36.499,96.568
97.227,74.548,36.813,93.732
