107.93,46.553,55.69,156.02
108.24,46.553,56.64,156.02
108.55,46.553,56.33,156.02
108.87,46.553,56.01,156.02
108.87,46.553,56.01,156.02
108.87,45.924,56.32,156.65
108.55,45.924,56.64,156.65
108.24,45.924,56.95,156.65
108.24,45.924,56.95,156.65
108.24,45.924,56.95,156.65
107.61,45.924,56.01,156.65
107.61,45.924,56.01,156.65
106.98,45.924,56.32,156.65
106.98,45.924,56.32,156.65
106.98,45.924,56.32,156.65
106.98,45.924,57.58,155.71
108.24,45.609,56.32,156.02
109.5,45.609,55.69,156.02
109.81,45.609,56.64,156.02
110.44,45.609,56.95,156.02
111.07,44.98,56.64,156.65
112.02,44.351,56.63,157.28
112.33,44.037,56.64,157.59
112.96,43.722,57.58,156.96
113.59,42.464,57.27,157.91
113.59,41.206,58.21,157.9
113.59,39.633,58.21,158.54
113.59,39.318,58.21,157.9
112.33,39.004,57.9,158.22
110.76,39.004,57.58,158.22
108.24,39.004,58.21,158.85
107.3,39.004,57.58,158.85
105.72,38.689,58.53,159.79
104.15,38.689,59.15,159.79
102.26,38.689,60.1,161.05
101.32,38.689,60.1,161.36
98.8,38.689,61.36,162.31
97.227,39.004,61.353,162
97.227,39.004,60.103,162
97.227,39.004,60.103,162
97.227,39.004,60.103,162
98.486,39.004,59.784,162
98.486,38.689,59.784,162.31
99.744,38.689,59.466,162.31
99.744,38.689,59.786,162.31
100.06,38.689,60.73,162.31
101,39.004,59.79,163.57
102.26,39.318,59.79,163.88
103.21,39.948,59.46,164.51
104.15,39.948,58.52,164.51
105.72,39.948,57.9,164.51
106.98,39.948,57.9,163.56
108.24,39.318,57.58,162.62
110.13,38.689,56.63,161.99
111.39,38.06,56,161.99
112.65,37.117,55.69,160.73
112.96,37.117,56.64,158.53
112.96,36.487,57.27,156.01
112.96,36.487,57.27,153.81
113.59,35.544,56.64,156.02
114.22,35.229,56.01,156.33
114.85,35.229,55.38,157.9
115.48,37.117,55.06,156.96
115.79,37.746,54.75,157.27
116.42,37.746,55.06,157.27
117.05,38.689,54.75,156.96
117.36,38.689,55.07,156.96
118.62,38.689,54.12,156.96
119.57,38.689,54.12,156.64
120.51,37.431,54.12,155.39
121.14,36.487,54.75,155.07
121.14,35.229,55.38,154.76
121.14,34.6,56.64,153.5
121.14,34.6,56.64,148.78
120.51,32.713,55.69,147.53
118.31,32.398,56.01,148.15
116.11,32.398,56.32,149.09
113.9,32.398,55.07,149.09
113.27,32.713,54.75,150.04
111.39,34.6,54.12,149.73
109.18,37.431,53.81,149.73
108.55,38.375,53.81,149.41
107.61,38.375,53.49,149.09
107.3,38.375,52.86,148.47
106.98,38.375,51.6,148.47
107.3,38.375,51.28,148.47
107.3,37.117,51.28,148.46
106.35,37.117,50.98,144.69
106.35,35.858,50.98,141.54
106.35,34.6,50.03,139.66
105.72,34.286,50.03,139.97
105.72,33.342,49.4,140.92
104.15,33.342,50.97,143.12
103.52,34.286,50.03,143.11
102.58,34.6,49.4,143.43
102.26,34.6,49.09,143.43
101,34.6,49.72,144.38
102.26,36.487,49.4,143.12
104.15,39.004,49.08,141.55
105.72,39.948,49.4,142.17
108.24,40.891,49.4,141.23
110.13,41.52,50.34,140.6
111.39,40.891,50.97,136.51
112.33,39.318,50.97,135.25
112.96,38.689,51.29,136.83
112.96,38.689,50.34,136.83
112.65,39.004,50.65,137.46
112.65,39.318,50.02,138.4
112.65,39.948,49.08,138.71
112.65,41.206,48.77,137.77
112.65,42.464,48.77,138.09
112.96,43.408,48.46,138.4
112.96,44.037,48.14,137.77
114.22,44.037,47.51,137.77
114.85,44.037,47.51,138.08
115.48,44.037,46.88,137.77
115.48,43.722,46.88,135.89
115.79,43.722,46.57,133.06
116.11,43.093,46.56,131.17
116.42,43.093,46.25,132.11
116.74,43.093,45.93,133.37
116.74,43.093,46.25,134.31
117.68,43.408,45.31,133.99
117.68,43.408,46.57,134.94
118.94,44.037,45.94,134.62
120.51,44.037,45.94,134.62
121.46,44.666,44.99,134.62
121.14,45.609,45.31,133.37
119.88,45.609,46.57,133.37
118.31,45.609,46.57,134.94
118.31,46.868,46.57,135.25
117.68,49.384,47.2,130.23
117.68,49.384,44.99,127.4
117.68,48.755,45.31,128.03
117.68,48.126,48.46,129.9
119.25,46.868,48.46,130.85
120.2,46.868,47.19,130.85
120.2,47.811,47.19,131.8
120.2,48.44,48.14,131.17
123.34,49.069,47.2,130.54
123.34,49.069,47.2,131.17
123.34,49.069,47.52,131.17
126.8,49.698,44.37,128.65
126.8,49.698,44.37,130.54
125.86,49.698,43.42,131.79
124.29,48.755,43.73,131.8
122.4,48.755,44.05,129.91
121.14,48.755,45.31,126.77
119.25,48.44,45.31,125.82
117.99,46.868,44.37,128.33
117.36,45.924,45,128.34
116.74,44.98,44.99,129.28
116.11,45.609,45.62,129.28
116.11,45.609,45.62,129.59
115.48,46.868,45.62,128.96
115.48,48.44,44.99,128.65
115.48,49.698,44.99,128.96
115.48,50.328,44.99,128.65
116.42,50.957,44.68,129.28
117.36,50.957,45.31,129.28
118.31,50.957,46.25,129.28
118.94,50.642,46.88,126.76
120.51,50.642,46.57,125.19
121.14,50.642,46.88,125.82
121.14,51.271,46.88,127.08
121.14,52.215,45.94,127.07
121.14,52.53,45.31,126.76
121.14,52.53,45.31,126.76
121.14,52.53,45.31,127.39
121.77,52.844,44.68,127.08
122.4,52.844,44.05,127.08
123.34,52.215,44.05,126.13
123.66,51.271,44.68,126.76
123.66,50.328,44.68,126.76
123.34,50.328,44.05,126.76
120.51,50.642,44.68,123.93
117.36,51.271,44.69,122.36
115.79,51.9,44.68,123.3
115.79,51.9,43.42,124.25
114.53,52.53,43.42,124.88
113.27,52.844,44.06,125.51
112.96,52.844,44.05,125.51
112.33,52.844,44.68,125.51
112.33,53.473,43.74,125.82
112.33,54.102,43.11,125.19
112.33,54.102,43.11,125.19
111.7,54.102,43.11,125.19
111.7,54.102,43.11,125.19
111.7,53.788,43.11,124.56
111.7,53.473,43.74,122.05
113.27,53.159,44.06,120.16
116.11,52.844,44.99,121.42
118.62,53.473,44.37,123.31
119.57,54.731,45.31,123.3
120.83,55.36,45.31,124.25
121.14,56.304,45.31,123.94
121.14,56.619,45.31,123.62
121.14,55.046,45,123.61
122.08,52.844,44.37,123.94
122.08,50.642,44.37,122.99
121.77,49.069,43.42,123.62
119.88,47.811,43.11,122.99
118.31,45.924,44.05,121.42
117.68,43.722,43.74,119.53
116.11,40.891,44.36,120.16
114.53,38.06,44.05,121.42
113.27,35.229,43.74,122.99
112.33,34.6,43.42,122.99
112.02,34.915,43.1,123.31
109.81,36.487,42.8,123.93
108.24,37.431,41.53,122.99
107.3,37.746,41.53,123.93
105.09,38.689,41.22,123.62
100.69,38.689,43.73,123.62
98.8,38.689,43.74,123.62
98.486,40.891,42.474,123.3
98.171,42.15,41.849,123.93
96.283,42.15,43.737,123.93
95.339,42.15,44.681,122.67
96.283,43.093,45.307,122.68
99.43,45.609,44.99,122.67
100.37,46.239,44.05,122.04
100.37,48.126,44.05,121.1
100.37,49.384,44.05,119.85
102.26,50.328,42.16,122.99
102.26,50.642,42.16,122.68
103.21,51.586,41.21,121.73
104.15,50.957,41.85,122.36
105.41,50.642,41.85,122.05
106.04,49.698,42.48,122.04
106.04,48.126,42.48,122.67
106.35,45.924,43.11,122.36
106.35,44.037,43.42,119.52
106.35,43.093,43.42,120.16
105.41,43.722,44.05,119.53
103.21,45.609,44.05,122.04
101.32,47.811,44.05,122.67
99.744,48.44,44.056,123.3
99.744,48.44,44.056,123.3
99.744,48.126,44.056,123.61
99.744,47.811,43.106,123.3
99.43,47.182,43.11,123.93
99.744,47.182,42.796,123.93
98.8,47.182,42.16,122.99
98.486,46.239,43.104,123.3
99.744,45.924,43.736,122.99
99.744,44.98,44.056,121.73
99.744,44.351,44.056,119.84
98.486,44.037,45.314,120.15
98.486,43.722,45.314,121.1
97.227,42.464,45.623,121.73
95.654,39.318,45.936,122.99
95.025,38.375,45.305,122.99
95.025,39.004,44.995,122.36
95.025,39.633,44.995,122.68
95.025,40.891,44.365,122.05
95.969,40.891,43.421,122.05
97.542,40.577,42.788,122.36
99.43,39.948,42.79,122.99
101,39.633,43.11,122.36
101.95,39.633,43.1,122.36
102.58,41.206,43.1,119.84
103.21,43.408,42.79,118.27
102.58,45.924,43.42,119.22
101.63,47.497,42.79,119.84
99.43,48.126,42.79,120.78
96.283,48.126,43.107,122.04
94.395,48.44,42.165,122.67
93.451,49.698,42.789,122.67
92.193,50.642,42.477,122.99
91.249,51.9,42.791,121.73
91.249,51.9,42.791,121.73
91.249,51.9,42.161,121.73
91.249,51.9,42.481,121.73
93.137,51.9,42.163,121.73
95.025,51.271,43.425,121.73
98.171,51.271,44.679,119.21
101,50.642,45.31,118.59
104.46,50.642,45,118.9
106.67,50.328,44.68,120.15
106.67,49.698,44.68,120.78
106.98,49.698,44.37,120.78
106.98,50.642,44.37,121.73
107.93,53.159,43.73,121.1
107.93,55.046,43.42,121.41
107.3,57.248,43.1,120.15
107.61,57.248,42.79,121.1
107.61,57.248,43.74,121.1
109.5,56.619,43.11,121.73
110.13,56.619,43.42,118.9
110.13,55.36,44.36,118.27
110.13,55.36,44.68,118.27
110.13,54.102,45.31,119.53
109.18,50.957,46.26,121.41
109.18,47.811,45.63,121.42
108.55,43.093,45,122.36
107.3,41.206,44.68,123.3
106.35,41.206,44.37,123.3
105.09,42.15,44.37,122.36
104.46,43.722,43.11,122.68
101.32,44.98,44.05,122.36
101.32,44.98,43.1,122.36
101.32,45.609,43.1,122.04
101.32,46.239,43.42,121.73
103.52,46.868,43.74,119.84
106.67,48.126,44.68,118.27
111.39,49.698,44.68,118.58
116.11,51.586,44.68,119.84
118.31,52.844,44.68,121.42
119.88,53.473,43.11,121.42
120.83,54.731,43.73,121.42
121.77,55.046,42.79,122.67
121.77,55.99,42.79,122.99
122.4,56.933,42.48,122.05
123.03,55.99,42.79,122.99
123.34,55.36,43.11,122.99
123.34,54.417,43.11,123.61
123.34,52.844,43.11,122.99
122.4,51.9,44.05,122.99
120.2,50.642,43.73,121.73
118.62,50.013,43.74,120.47
116.42,49.698,43.11,119.53
114.53,48.126,45,121.1
113.27,47.811,46.26,122.36
112.33,48.126,47.2,124.56
111.7,50.013,45.63,123.94
111.7,50.957,44.68,125.5
110.44,52.53,44.68,124.88
110.44,52.53,41.85,124.88
109.18,52.53,42.48,125.82
109.18,53.788,42.17,124.56
109.18,53.788,42.8,123.93
109.18,52.844,44.06,124.25
109.18,52.53,45.63,124.56
109.18,52.53,48.15,121.73
112.02,52.53,47.51,121.1
115.16,51.586,45.63,122.98
114.22,50.957,46.57,123.61
113.59,50.957,47.2,124.56
113.27,51.9,47.52,124.88
113.27,51.9,45.94,125.82
112.33,51.271,46.57,126.45
112.33,50.328,46.57,125.19
113.27,48.44,45.63,125.19
113.59,47.811,45.31,124.88
114.85,47.811,44.05,124.88
114.85,47.497,44.05,124.87
114.85,46.239,43.73,123.3
115.79,46.553,43.74,122.05
115.79,49.069,43.42,122.36
115.79,51.586,43.42,123.93
115.79,53.159,42.16,124.24
114.22,55.046,43.73,123.93
114.22,55.675,42.79,125.51
113.59,57.562,42.79,125.51
112.33,59.764,41.85,124.88
111.07,59.764,42.48,125.51
110.13,60.708,42.16,124.56
109.5,60.708,42.16,123.3
108.87,59.449,42.48,124.56
108.24,59.135,42.16,123.94
107.3,58.191,43.1,121.1
106.67,56.933,43.73,119.85
106.67,55.36,44.36,121.42
106.98,55.36,45,122.04
106.98,55.99,45,123.3
106.98,57.248,45.31,122.99
109.18,58.82,45.31,122.36
110.44,60.079,44.68,122.99
113.27,61.651,44.06,122.68
115.48,62.28,43.1,121.73
116.42,62.91,43.11,121.1
117.36,62.28,43.11,121.73
118.62,61.651,42.8,121.73
118.94,61.022,43.11,122.05
118.94,59.764,42.48,119.22
117.99,59.764,43.43,118.27
117.36,59.135,42.8,118.9
115.48,59.135,41.85,119.53
113.27,59.135,42.17,120.78
111.07,60.708,41.85,120.15
107.61,61.651,42.16,121.42
103.83,63.224,41.85,121.42
101,64.168,42.48,121.41
100.06,65.426,42.16,121.1
99.43,66.684,41.85,120.79
97.856,67.942,42.164,120.47
96.913,67.942,41.847,120.47
95.654,67.313,42.476,120.16
95.025,66.37,43.425,119.53
94.081,65.426,44.369,117.64
94.395,65.112,44.365,117.96
93.766,63.853,45.314,119.22
94.395,63.224,44.685,119.22
94.71,63.224,45.31,120.48
95.969,63.224,45.311,120.48
97.542,64.168,44.678,120.16
100.06,63.539,44.05,120.16
101.95,63.539,42.79,120.16
104.46,63.539,42.48,120.16
106.35,63.539,42.79,119.53
106.98,62.28,42.48,120.47
108.24,59.764,42.16,120.79
109.5,57.562,41.85,119.85
110.13,55.675,42.48,117.64
112.02,54.731,41.53,117.64
112.02,54.731,41.53,118.59
112.02,54.731,41.53,118.59
112.02,55.36,41.53,119.53
111.07,55.36,40.91,121.1
108.55,55.36,41.54,121.1
106.35,55.99,41.22,121.1
103.83,57.248,41.54,121.1
101.32,58.82,42.16,120.79
99.43,60.079,41.53,121.73
98.171,61.651,41.219,121.1
97.227,61.651,41.223,121.42
95.969,61.651,41.851,121.42
95.025,61.651,43.105,120.47
94.081,61.651,44.369,118.59
94.081,61.651,44.369,119.84
94.081,61.651,44.369,119.84
94.081,61.651,44.999,121.1
95.654,62.595,44.676,121.1
98.486,63.224,44.684,121.11
101,65.112,44.37,121.1
102.89,66.055,44.37,120.16
104.78,66.684,44.68,119.53
104.78,68.257,45.94,119.84
106.67,69.201,44.68,119.84
107.61,70.144,43.74,119.85
109.18,68.886,42.17,120.15
109.18,67.628,43.43,118.9
109.18,66.055,43.43,117.01
108.24,64.482,43.74,118.59
106.98,63.853,43.74,119.22
105.41,63.224,45.31,119.85
103.52,61.651,45,119.21
100.37,59.449,44.37,121.41
99.115,56.619,44.055,120.79
98.486,53.788,43.424,122.04
97.227,49.384,43.103,121.42
96.283,49.384,42.797,121.42
92.822,50.013,42.168,120.79
90.305,50.328,42.475,121.1
87.473,50.328,41.847,120.47
84.956,49.069,42.474,120.16
83.697,48.44,42.163,117.96
82.124,48.126,43.736,118.27
81.495,47.497,43.735,118.9
80.551,47.497,44.369,118.9
80.551,47.497,44.679,118.9
84.012,47.497,44.678,119.84
85.9,48.126,44.37,119.21
88.417,47.811,44.053,119.53
90.934,46.239,43.106,119.84
92.508,46.239,43.102,118.9
96.283,46.239,42.167,119.53
98.486,47.182,41.844,119.22
99.744,46.239,41.216,119.53
101,45.295,42.48,117.02
102.89,43.722,41.53,114.81
104.46,43.093,41.54,115.44
105.09,43.093,40.91,115.44
104.46,43.722,41.54,116.7
104.15,44.351,41.53,116.38
103.52,45.609,40.9,117.33
101,46.553,42.8,119.22
98.8,50.328,42.48,118.58
96.598,52.53,41.852,117.64
94.395,53.473,40.905,117.96
92.822,53.788,41.538,117.64
92.508,55.046,40.902,117.01
91.878,56.304,40.592,117.64
90.934,56.304,41.216,115.44
90.62,55.046,41.53,114.18
90.62,53.788,41.53,114.81
90.62,53.159,41.53,115.44
89.676,53.159,42.164,115.44
89.676,53.159,42.474,115.75
90.305,52.844,42.165,116.07
90.934,52.844,41.846,116.07
92.508,52.844,40.902,115.44
94.395,54.102,40.595,115.13
95.339,55.99,41.221,116.38
97.227,57.248,41.223,115.44
98.486,57.248,40.904,116.38
99.43,57.248,41.53,116.7
101,57.248,41.54,113.23
102.26,57.877,41.54,112.6
101,57.877,42.17,112.6
100.37,56.933,41.85,113.55
99.744,55.99,41.536,114.49
99.744,55.99,40.586,114.49
98.171,55.99,41.539,115.44
98.171,55.99,41.539,115.12
97.856,55.99,40.594,115.12
97.227,55.675,41.223,115.44
97.227,55.046,41.223,114.49
95.339,54.731,40.901,114.5
91.249,54.731,40.901,114.81
86.529,53.788,40.901,115.44
84.326,53.788,41.854,112.61
84.326,54.102,41.224,111.35
83.382,53.159,42.168,112.92
82.438,53.159,41.532,112.92
82.438,52.215,41.222,113.56
82.438,50.642,41.222,115.13
82.438,50.642,41.222,115.13
82.438,51.9,41.532,113.87
83.382,52.844,41.538,113.56
86.844,55.046,40.276,113.23
91.564,57.248,40.906,113.86
95.025,57.877,40.905,114.18
96.913,57.248,41.537,114.81
98.486,56.304,41.214,113.56
100.06,55.36,41.53,110.72
101.32,55.36,41.53,110.72
102.26,55.36,41.22,111.98
102.26,56.933,41.22,112.61
102.58,56.933,40.9,112.93
103.52,55.99,40.59,113.87
104.15,55.675,40.27,114.19
105.72,55.675,40.28,114.19
109.5,55.675,39.96,114.19
111.7,55.675,40.28,113.86
111.7,55.36,40.28,113.24
112.33,54.731,40.28,113.87
112.33,54.731,40.28,113.87
110.76,53.788,40.9,113.86
110.13,53.788,41.85,113.23
110.13,54.731,41.22,111.67
109.5,55.99,41.85,111.66
109.5,56.933,42.16,113.24
109.5,57.562,42.16,113.87
109.5,59.135,42.16,113.56
109.5,59.449,42.16,113.87
109.5,60.393,42.16,112.93
110.13,60.708,41.53,112.61
111.07,61.022,40.59,112.3
111.07,61.966,40.59,112.6
112.33,62.28,39.33,112.92
113.27,64.168,39.34,111.03
116.42,65.112,37.76,111.98
120.51,65.112,38.7,111.04
124.29,63.853,39.64,110.72
128.06,60.079,39.96,111.98
130.27,58.191,41.53,113.55
131.52,58.191,41.22,113.24
132.47,55.675,40.27,113.55
133.73,52.844,40.27,116.39
133.73,50.328,42.16,114.81
135.61,50.642,40.59,114.5
135.61,50.642,41.22,114.5
135.61,50.642,42.48,115.13
135.61,51.586,42.48,115.12
135.61,53.159,42.48,113.55
139.08,55.675,38.7,114.19
134.67,59.135,39.65,113.56
132.78,60.393,39.96,111.35
130.89,61.337,39.97,110.4
129.32,62.28,41.22,111.98
129.32,64.168,41.22,112.61
129.32,65.112,42.16,113.24
129.01,66.37,43.1,112.92
130.27,66.999,41.84,112.29
130.27,67.313,41.84,113.24
130.27,68.257,41.53,112.29
130.27,68.257,41.53,112.29
130.27,68.257,40.59,111.35
130.27,67.313,40.59,112.3
131.21,67.313,40.27,112.3
131.84,66.999,39.64,110.72
133.1,66.999,40.27,108.83
134.67,66.999,39.65,109.78
136.24,65.741,39.96,110.41
137.5,63.853,40.28,111.04
137.82,63.224,39.96,111.67
137.82,64.482,39.96,111.98
139.08,64.482,39.64,112.3
139.7,64.482,39.02,112.3
140.65,64.168,38.7,111.35
140.65,62.595,38.7,112.93
140.65,62.595,38.7,111.35
140.65,60.708,38.7,112.61
139.39,60.708,39.33,111.98
137.5,60.079,38.7,112.61
134.67,60.079,39.65,110.72
129.95,61.022,40.59,109.78
126.49,61.966,40.59,109.46
123.66,61.966,41.53,110.4
120.51,61.966,40.28,111.66
118.31,62.91,42.48,110.72
117.36,63.539,43.11,110.72
116.11,63.539,43.42,111.66
115.16,64.168,43.74,111.98
114.53,64.797,42.48,111.35
112.33,64.797,41.85,111.35
110.76,64.797,41.85,111.98
110.76,64.797,40.27,111.98
110.76,64.797,40.59,111.98
110.76,64.797,40.59,111.98
112.33,64.797,41.22,109.15
114.53,65.741,41.22,108.21
118.94,66.684,39.64,109.15
120.51,66.684,41.85,110.73
121.14,66.684,42.16,110.73
123.97,66.684,40.59,112.93
125.55,67.942,39.01,111.67
125.23,68.886,38.07,111.66
123.97,68.257,39.33,113.23
122.08,68.257,39.97,113.23
121.14,68.257,39.65,112.92
119.57,68.257,39.96,111.35
118.31,66.684,39.96,112.3
117.05,64.797,40.28,112.29
115.79,63.224,40.59,110.1
114.53,61.966,41.54,108.51
112.65,61.022,42.16,109.46
112.02,57.877,42.16,110.4
111.07,55.675,42.48,111.35
108.87,55.99,42.48,111.98
106.04,57.562,42.16,113.24
104.78,59.449,42.48,112.29
103.52,60.393,41.85,111.67
102.26,61.022,41.22,112.3
101.32,62.595,40.9,111.66
101.32,64.168,40.59,111.35
100.06,64.168,40.9,112.61
100.06,64.168,40.9,112.61
99.43,64.168,41.22,110.09
99.43,64.168,40.9,108.83
99.43,64.482,40.59,109.15
98.486,64.168,40.594,109.78
98.486,63.224,40.274,110.73
98.171,62.28,39.959,112.29
97.227,63.853,39.643,112.3
95.969,64.797,40.271,111.66
95.969,65.426,39.331,111.97
95.339,65.426,39.021,112.29
94.71,65.426,39.65,112.6
94.71,65.426,38.7,111.66
94.71,65.426,38.7,111.66
93.766,65.112,39.644,111.35
93.766,64.482,39.644,110.09
92.508,62.91,40.902,108.52
91.878,62.28,41.532,109.15
90.934,61.022,41.846,109.78
90.305,58.191,42.475,111.04
90.305,54.417,42.475,111.35
90.305,54.417,42.165,111.35
89.676,55.046,41.214,111.66
88.732,56.304,41.848,110.72
87.788,56.933,41.852,110.09
86.529,56.933,43.111,110.09
86.529,56.933,42.161,110.09
86.529,56.304,42.161,111.67
86.529,55.36,42.161,111.66
86.214,54.731,41.216,111.35
84.956,53.473,42.474,108.84
86.214,52.844,42.166,107.58
86.214,52.53,44.056,107.89
96.283,52.844,38.707,109.15
96.283,52.844,42.167,110.41
99.115,53.473,41.845,110.72
101.63,53.473,42.79,110.72
104.15,53.473,41.22,110.72
105.09,54.731,42.17,111.04
106.35,55.046,41.85,110.72
106.35,55.046,43.11,110.72
106.35,55.046,43.74,110.72
106.35,55.046,43.74,111.66
108.87,55.046,42.16,111.03
NaN,NaN,NaN,NaN
NaN,NaN,NaN,NaN
NaN,NaN,NaN,NaN
NaN,NaN,NaN,NaN
NaN,NaN,NaN,NaN
NaN,NaN,NaN,NaN
NaN,NaN,NaN,NaN
NaN,NaN,NaN,NaN
NaN,NaN,NaN,NaN
NaN,NaN,NaN,NaN
NaN,NaN,NaN,NaN
NaN,NaN,NaN,NaN
NaN,NaN,NaN,NaN
NaN,NaN,NaN,NaN
NaN,NaN,NaN,NaN
105.72,57.562,42.17,105.38
106.35,57.248,41.54,106
106.35,57.248,41.54,103.8
106.35,56.619,41.54,108.52
107.3,56.619,40.59,109.78
109.18,57.877,38.71,109.46
111.39,59.135,37.75,110.41
114.53,59.449,36.5,111.03
116.42,60.708,36.19,109.77
118.31,61.651,36.5,109.78
120.51,61.651,36.19,109.78
121.46,61.651,36.81,109.78
123.34,60.393,36.82,110.72
124.6,60.393,37.45,109.15
125.55,60.393,38.38,106.95
127.75,59.764,38.07,107.58
128.06,59.449,39.33,108.83
128.06,58.191,40.28,110.09
128.06,58.191,39.65,110.09
127.75,56.933,40.27,110.41
126.8,55.675,39.34,111.04
124.92,55.675,39.64,111.04
124.6,56.304,39.33,111.35
123.34,56.933,39.33,110.72
123.97,56.304,38.7,111.04
123.34,55.36,39.33,111.04
122.08,55.36,39.02,110.72
122.08,54.731,39.02,108.52
121.14,54.731,39.65,106.95
121.14,54.731,39.65,107.58
121.14,54.731,39.65,108.52
121.46,55.046,39.33,111.03
123.03,57.248,38.39,110.72
123.97,57.248,39.65,111.66
124.92,57.248,38.7,111.66
125.86,57.248,39.02,111.98
125.86,57.248,39.02,112.29
125.86,57.248,39.02,112.29
128.38,58.191,39.01,111.04
130.27,58.191,38.7,111.67
132.47,58.191,39.01,111.67
134.36,58.191,39.01,111.67
135.93,57.248,39.65,109.15
137.82,56.933,39.96,108.52
139.39,55.99,39.65,109.78
140.02,56.933,39.96,110.09
141.28,56.933,39.33,110.72
141.28,56.933,40.27,110.72
142.22,56.933,39.33,110.72
141.28,56.933,39.33,110.72
139.39,56.304,37.76,111.35
133.73,56.304,42.79,112.93
NaN,NaN,NaN,NaN
NaN,NaN,NaN,NaN
131.21,59.449,38.7,106.32
130.27,59.449,39.01,106.32
130.27,59.449,38.38,107.57
130.27,59.449,38.7,107.57
130.27,58.82,38.38,109.15
129.95,57.562,38.7,110.41
129.95,57.248,38.7,111.35
130.89,58.191,37.76,111.04
131.52,59.449,38.08,111.66
133.41,59.449,38.39,112.92
134.04,61.966,37.76,111.66
133.73,63.539,38.07,111.03
134.04,63.539,37.76,111.03
134.67,63.539,37.76,110.72
134.99,63.539,38.07,111.98
134.99,62.91,38.38,111.03
134.99,61.337,39.01,109.77
134.36,60.393,39.64,108.84
133.1,59.449,40.9,109.78
133.1,58.82,40.27,111.04
132.47,57.248,40.27,111.35
132.47,54.731,40.27,111.98
132.47,51.9,40.27,111.35
132.47,50.642,41.22,111.98
132.47,52.844,41.22,111.67
132.78,54.417,40.91,111.66
133.73,55.046,39.96,111.97
133.73,55.046,40.27,111.97
133.73,55.046,40.27,111.97
133.73,55.046,39.33,111.35
132.15,55.36,39.33,109.15
131.52,55.36,38.39,109.15
131.52,54.731,38.39,109.78
130.27,54.731,39.64,109.78
130.27,53.473,39.64,112.3
132.15,53.473,38.39,112.3
135.93,52.53,38.7,113.24
138.13,50.642,39.96,113.87
140.02,51.9,39.02,112.61
141.59,53.159,39.02,112.61
143.48,54.417,39.33,112.61
144.74,54.731,39.02,112.29
145.68,54.731,38.08,112.29
145.68,54.731,39.02,112.29
145.68,53.159,39.02,112.61
145.68,52.53,39.65,109.78
144.74,51.271,40.27,109.78
144.42,50.642,39.97,111.67
142.85,50.328,39.65,111.98
140.02,50.328,39.33,110.72
137.5,50.328,40.59,111.98
134.36,49.698,43.1,112.61
131.21,49.698,44.05,111.98
128.06,49.698,44.68,111.98
125.86,50.013,46.88,112.3
125.55,50.328,47.19,111.98
122.08,50.328,46.57,112.92
120.51,50.957,46.57,113.23
117.99,53.159,42.17,112.61
116.74,55.046,40.59,110.72
116.74,56.619,40.27,109.15
116.74,57.248,39.33,110.4
116.74,57.248,38.7,112.29
116.74,57.248,38.38,113.55
116.42,57.248,38.7,113.55
116.42,58.506,37.44,112.29
115.48,58.506,37.75,114.18
115.48,59.135,37.13,113.56
113.27,60.393,38.71,114.18
112.02,61.022,39.01,114.5
110.13,61.022,39.33,114.81
105.72,61.022,40.28,114.81
102.89,60.393,41.22,115.44
100.06,60.393,42.48,115.44
97.542,60.393,42.788,112.93
94.71,60.393,42.16,111.67
92.508,60.708,40.902,111.35
89.676,61.337,40.274,111.98
87.788,62.28,39.332,113.87
86.214,63.224,37.756,113.24
83.697,63.539,40.903,113.24
81.495,65.741,41.535,112.92
78.977,66.999,42.793,115.44
78.977,67.628,42.793,115.75
78.977,67.628,42.163,115.75
77.404,67.628,41.216,115.75
75.831,67.628,40.589,115.75
74.572,67.628,40.908,116.07
73.943,67.628,40.277,115.44
72.37,67.313,41.85,112.93
71.426,66.684,42.794,113.56
70.482,66.684,43.108,114.19
70.482,66.684,43.108,116.07
70.482,66.684,43.738,117.02
70.482,67.313,44.998,117.02
71.74,68.257,43.74,117.32
71.74,68.257,43.74,117.95
72.055,68.257,44.685,117.95
72.055,68.257,43.425,117.95
72.055,69.201,42.795,117.64
72.055,69.201,43.105,117.64
73.628,69.201,41.852,118.59
75.202,69.201,41.538,118.59
76.146,69.201,41.214,117.96
76.146,69.201,41.214,115.75
76.775,68.257,40.585,115.75
77.404,68.257,39.956,115.75
77.404,67.942,39.646,116.7
77.404,67.313,39.646,117.96
77.719,67.628,41.531,119.21
78.348,69.201,44.052,117.64
79.292,69.83,45.938,118.9
81.495,68.886,45.305,118.9
81.495,68.257,46.565,119.53
83.068,68.257,44.052,118.9
83.697,68.257,44.683,117.64
84.326,67.628,43.734,118.27
85.9,67.313,44.37,118.27
90.62,67.313,43.74,116.7
98.171,67.628,41.849,117.95
101.63,67.628,43.42,118.9
105.09,67.313,44.05,119.53
107.61,66.37,45,120.47
111.7,66.37,43.74,120.47
113.59,67.313,43.74,121.42
115.79,67.942,44.37,122.36
119.88,69.201,43.11,121.1
121.77,69.515,44.37,121.42
122.4,70.459,46.57,120.79
125.55,70.459,46.25,122.04
127.43,70.144,46.26,122.36
132.15,69.201,42.17,121.73
136.24,68.571,39.02,119.84
138.13,67.313,38.07,119.22
139.08,66.055,37.44,120.47
139.39,66.055,36.81,120.47
139.39,66.055,35.56,121.72
138.13,67.942,40.28,121.42
137.82,70.144,44.99,120.79
136.24,71.717,49.4,122.36
136.24,72.975,51.29,122.05
134.99,73.919,52.54,121.1
134.04,72.66,53.49,122.36
131.52,72.346,52.24,121.73
129.95,72.346,51.6,121.73
130.89,70.773,48.78,123.31
130.89,69.515,50.66,118.58
134.67,66.37,49.4,119.53
139.7,64.797,47.2,121.1
144.11,64.797,45.31,121.1
144.11,63.853,47.2,123.31
145.68,63.853,47.52,124.25
147.57,64.168,47.2,124.24
149.14,64.168,47.2,124.87
149.14,65.426,47.2,124.87
149.14,65.426,46.57,125.5
148.83,65.426,47.51,125.5
146.94,66.37,49.09,124.88
146.94,66.37,48.14,124.88
148.52,65.426,46.25,125.81
152.29,65.426,41.22,125.81
152.29,64.797,40.28,123.93
152.29,63.539,38.39,125.19
152.29,62.28,36.82,123.93
152.29,59.764,35.56,126.45
NaN,NaN,NaN,NaN
NaN,NaN,NaN,NaN
NaN,NaN,NaN,NaN
NaN,NaN,NaN,NaN
NaN,NaN,NaN,NaN
137.19,64.482,51.6,125.82
135.93,65.426,52.86,124.24
134.04,64.168,54.75,124.56
133.41,64.168,55.38,123.62
135.3,61.966,53.49,123.3
139.08,61.022,44.05,124.25
142.54,61.022,42.47,125.19
145.68,62.595,39.34,124.88
146,62.595,41.53,127.07
147.89,63.853,43.73,126.77
149.77,63.853,44.37,128.65
152.61,63.853,47.82,129.28
154.18,65.112,50.34,129.91
155.75,66.684,50.03,129.28
157.33,68.571,49.08,129.6
159.53,68.571,48.45,130.22
160.16,68.571,48.77,130.54
162.67,68.257,47.52,131.16
166.45,68.257,45.62,131.16
171.48,67.628,42.17,128.33
175.26,67.628,40.59,127.08
177.46,66.055,38.39,128.66
180.61,66.055,38.39,128.66
182.5,65.426,41.85,130.53
183.44,65.426,44.05,130.53
NaN,NaN,NaN,NaN
183.76,70.144,47.51,128.65
182.81,70.144,50.03,130.23
181.24,70.773,50.97,131.17
179.98,71.717,51.29,130.22
178.09,71.717,50.66,130.22
176.83,71.717,50.03,130.85
174.95,71.717,49.4,130.85
174,70.773,50.98,130.23
175.58,70.144,49.71,130.86
177.46,70.144,49.09,131.8
178.72,68.571,47.83,133.37
177.46,68.571,49.72,134.31
177.78,67.628,50.97,135.25
179.04,67.313,51.28,136.83
179.98,67.942,51.6,136.83
180.61,67.942,50.97,137.77
181.55,69.201,50.98,137.46
179.35,70.144,51.92,136.52
178.72,70.144,51.92,137.78
177.46,68.886,51.92,137.77
177.46,68.886,49.4,136.51
178.72,66.999,45.63,136.51
177.46,66.999,44.68,133.68
175.26,66.055,42.48,133.36
170.23,66.055,41.84,133.36
165.19,65.741,40.91,134.63
159.21,65.741,40.28,135.26
152.61,65.741,44.05,135.26
147.26,65.741,48.45,136.51
141.91,65.741,51.91,137.46
137.19,66.055,52.86,137.45
134.99,66.055,52.54,136.82
134.99,65.426,50.34,135.57
133.1,63.539,49.71,135.57
130.89,62.28,48.46,135.57
129.95,61.022,49.4,136.83
128.69,61.022,50.66,134.63
129.32,61.022,50.66,133.69
129.64,62.28,50.34,134.94
128.06,64.797,51.29,135.57
126.49,66.684,51.6,136.83
125.55,68.886,52.54,138.71
123.97,75.177,52.23,137.77
122.4,80.21,52.86,138.09
121.14,82.411,52.86,139.03
119.57,83.355,52.54,140.28
116.42,83.355,52.23,140.28
113.27,79.581,51.92,139.03
112.02,74.862,50.97,139.66
110.13,73.29,50.34,139.03
107.93,72.031,49.08,136.83
105.72,67.313,48.77,134.94
102.89,65.112,47.51,133.06
99.744,63.853,47.196,134.32
95.969,63.853,46.251,134.63
91.564,63.853,46.886,135.26
85.585,64.482,45.625,135.89
81.809,64.482,46.881,134.94
77.404,60.079,50.346,137.14
74.258,60.079,49.712,135.25
71.426,58.191,49.404,136.83
72.37,56.304,48.77,135.57
74.258,54.102,46.882,135.89
75.516,50.642,46.884,137.15
77.404,50.328,46.566,135.25
78.977,49.384,47.513,133.69
82.124,48.44,47.196,129.91
84.956,48.44,48.144,130.85
84.956,50.642,49.404,132.43
86.214,52.844,49.396,132.74
86.214,56.933,49.396,132.43
86.844,63.539,48.766,133.05
86.844,68.257,47.826,133.37
84.956,69.83,48.774,134
83.068,70.459,48.772,134.31
81.495,69.515,47.825,134.62
82.438,67.313,47.512,133.37
83.697,64.168,47.513,133.37
84.326,64.168,48.144,131.48
