298 150 390 350	
298 151 385 344
300 151 391 341
300 148 388 349
294 148 390 346
300 146 387 337
296 145 388 339
300 142 384 336
301 143 386 334
303 146 386 339
303 143 391 343
303 146 394 337
309 141 393 340
308 141 395 346
306 134 392 334
310 130 398 336
302 134 399 338
304 134 397 334
300 131 393 334
302 133 394 334
300 134 391 328
294 135 393 334
300 141 396 334
301 134 399 332
296 133 400 332
290 133 397 327
295 131 397 328
296 130 395 320
289 129 396 324
295 125 393 316
299 126 395 317
288 121 393 320
294 125 400 318
295 124 395 318
289 130 393 312
305 128 388 312
311 126 388 305
307 129 392 303
308 129 392 306
309 129 398 308
303 134 400 299
308 132 399 296
312 127 401 303
308 133 397 296
317 130 401 296
317 133 394 297
320 131 401 294
319 135 398 296
318 135 404 294
319 135 398 296
323 135 403 293
325 132 406 295
322 133 402 290
320 133 399 292
330 135 406 294
325 135 404 290
326 134 404 287
330 138 404 293
330 133 407 287
330 133 414 292
336 134 416 287
336 134 412 291
334 136 412 290
339 138 418 282
339 137 418 282
345 138 412 286
342 136 422 287
346 138 422 286
348 136 423 287
352 140 416 290
357 139 425 280
355 139 430 285
361 137 425 287
365 139 430 285
363 138 437 284
361 139 431 283
366 144 430 282
366 138 437 284
368 139 436 281
365 141 432 286
373 139 438 284
368 136 438 280
372 136 438 278
375 133 442 280
372 139 445 272
376 139 444 273
376 132 446 278
378 135 442 277
382 131 457 275
378 135 460 277
383 133 455 279
382 136 456 283
386 132 454 278
390 132 460 271
389 132 458 279
390 130 462 275
389 126 464 276
394 129 463 276
391 124 467 275
395 127 463 276
395 127 464 275
398 125 463 273
399 120 464 273
391 124 461 280
398 124 463 278
394 124 468 274
389 122 463 277
391 123 466 282
393 122 458 279
388 124 461 282
395 125 464 285
394 126 461 280
393 122 455 285
390 117 463 280
389 122 466 278
385 121 465 284
385 118 463 284
385 116 460 284
380 113 465 286
375 117 461 288
382 115 462 285
376 115 466 283
378 111 459 285
378 109 465 283
384 113 461 282
372 112 466 279
376 111 460 289
370 113 462 284
375 109 452 288
371 109 463 283
367 115 461 284
368 111 456 293
362 109 459 286
366 115 456 293
361 110 457 293
351 113 455 289
358 116 460 292
353 110 455 294
362 115 452 299
367 116 453 297
368 116 455 298
362 116 458 298
364 116 447 302
366 113 449 304
361 117 451 312
363 119 450 301
365 122 448 300
369 119 458 299
361 119 453 296
361 124 455 297
360 126 458 301
355 125 453 304
359 120 462 300
350 125 457 301
354 126 454 302
355 128 457 301
348 128 449 299
351 136 448 299
348 135 445 294
348 140 448 289
351 129 445 286
347 141 436 282
352 140 439 279
357 140 433 289
351 142 433 277
350 143 432 284
352 146 431 271
351 144 428 270
344 149 429 268
341 147 424 277
350 146 428 266
344 146 420 267
350 145 420 261
341 142 423 266
351 144 423 266
340 142 423 265
345 145 426 268
349 143 426 268
346 140 429 270
343 145 421 276
351 141 427 283
345 139 430 274
345 142 429 272
340 142 425 276
343 142 430 282
343 138 425 274
340 137 418 282
340 139 420 282
340 137 416 280
338 137 418 284
335 133 418 289
333 138 416 285
332 137 412 287
330 132 415 290
328 131 405 285
322 130 404 279
319 131 406 286
322 129 401 287
319 128 397 285
322 128 398 284
318 128 398 285
315 126 398 287
318 129 396 283
319 128 399 285
319 129 399 285
317 127 412 294
326 127 407 293
320 129 417 298
328 126 419 291
321 126 418 294
328 126 418 291
326 128 415 288
334 126 423 294
337 123 430 298
331 123 420 295
333 128 421 295
336 125 429 295
340 123 423 289
344 122 421 290
336 121 426 301
347 121 422 296
341 117 427 296
350 118 429 295
348 119 428 290
355 115 431 294
355 116 432 291
359 118 434 297
355 113 433 292
360 109 435 299
371 112 432 293
366 113 432 290
366 103 433 283
368 110 439 292
370 115 443 298
364 109 450 291
370 106 443 295
370 108 441 297
378 103 452 304
380 106 453 292
381 119 449 288
371 111 454 296
376 113 440 280
379 105 445 283
382 103 440 292
377 109 444 293
378 107 450 295
383 110 449 295
378 111 440 294
381 111 445 300
384 111 446 298
381 111 442 299
381 110 443 296
380 115 437 295
379 108 438 303
383 112 439 308
383 114 441 308
384 107 438 296
379 105 443 297
377 107 441 290
378 103 444 298
377 106 438 304
379 104 439 292
386 107 437 307
387 106 435 297
386 108 436 315
386 107 437 299
388 99 441 326
386 107 447 308
393 108 443 318
389 110 453 305
394 113 456 294
392 116 463 280
397 112 462 293
405 117 467 309
395 118 469 298
409 121 475 293
401 116 484 304
398 115 480 308
396 112 486 310
396 111 481 312
387 108 475 308
391 108 484 304
390 108 483 316
386 101 471 307
384 102 468 307
381 107 464 314
376 107 463 308
368 106 459 317
364 109 449 306
364 112 448 305
353 114 455 308
354 117 447 310
353 120 449 312
348 116 438 318
334 116 434 317
341 115 431 315
338 110 428 318
331 109 429 315
329 109 420 316
329 106 413 322
326 106 412 312
321 106 404 310
316 103 407 315
312 106 404 323
320 106 403 313
320 109 402 316
319 108 404 316
318 108 395 310
321 108 398 308
313 112 396 316
314 110 401 310
305 109 400 308
317 104 395 316
313 102 396 315
317 98 399 323
311 98 398 314
315 95 400 316
320 87 399 319
324 82 407 321
316 81 400 316
315 86 407 315
310 85 400 311
306 80 403 320
306 75 397 318
308 81 398 316
302 75 397 313
295 78 401 319
301 82 395 317
303 79 404 312
296 86 404 320
295 90 388 307
299 90 392 312
293 85 399 313
295 84 392 314
286 80 384 321
282 82 394 324
282 77 386 314
278 69 386 322
285 72 383 308
282 67 381 304
284 66 375 303
284 65 384 314
283 62 390 302
291 65 390 309
292 65 396 311
295 58 392 313
303 65 390 310
298 64 385 317
299 65 380 306
307 65 387 312
308 65 389 315
311 67 382 321
310 69 392 309
311 69 396 311
310 66 390 312
312 67 398 310
314 65 392 317
316 60 399 306
315 56 390 305
310 51 398 310
312 54 389 294
310 58 387 307
305 53 388 301
308 54 388 316
302 57 386 321
300 60 388 312
