330 45 400 335
329 46 400 332
331 46 402 332
333 48 403 329
334 48 405 327
337 46 407 323
339 49 408 328
338 51 406 326
339 50 412 330
343 51 413 329
346 50 415 326
347 53 414 327
349 54 419 329
352 54 418 324
354 52 420 330
353 51 422 323
355 53 423 323
358 56 426 323
360 56 424 323
364 59 427 324
377 61 440 318
394 65 456 314
406 68 463 310
418 74 470 307
427 78 477 287
421 92 475 286
431 94 476 289
441 93 482 279
440 94 479 269
442 88 478 265
442 88 480 260
440 91 484 254
437 94 475 244
442 97 477 237
437 92 474 234
440 101 472 231
434 99 470 225
433 100 468 228
434 100 470 229
434 104 467 226
434 102 471 225
436 100 465 220
434 100 463 223
436 102 466 218
435 103 463 220
434 104 465 219
433 103 464 219
434 103 464 217
431 103 465 216
432 104 464 215
430 98 464 220
434 103 464 223
434 103 463 228
428 102 462 225
430 103 463 227
428 102 464 222
428 104 464 222
430 104 462 222
428 103 458 220
430 102 462 224
424 100 458 223
430 107 455 223
426 101 461 220
424 103 455 219
425 104 457 218
426 106 458 215
425 106 457 214
423 102 455 219
425 106 457 217
425 106 453 217
422 98 451 214
423 107 451 214
422 107 451 211
422 104 456 217
419 107 453 217
421 106 451 211
420 105 453 211
419 108 451 215
419 111 449 212
422 112 449 208
420 111 448 214
419 111 448 207
422 112 449 212
419 107 446 211
421 109 446 211
419 110 443 208
419 117 446 211
419 109 443 212
418 115 444 216
417 115 444 210
418 114 445 210
416 115 442 209
416 120 442 211
417 116 443 215
415 118 441 212
417 114 441 213
417 117 442 210
415 120 441 213
413 117 440 211
415 114 442 209
421 112 440 203
414 119 438 206
413 118 437 209
417 113 441 202
419 110 439 203
420 111 442 199
417 112 438 200
419 116 442 198
418 114 437 188
418 114 436 188
417 109 436 195
416 114 436 194
412 113 440 193
416 117 441 186
416 116 435 197
416 117 436 192
414 115 435 191
415 115 437 194
417 114 435 192
415 113 434 188
418 114 433 191
417 115 435 188
415 116 435 191
415 115 434 195
416 115 436 194
414 112 432 195
414 114 430 194
414 114 435 191
416 116 437 195
412 115 433 192
411 113 432 195
413 115 432 192
413 117 434 197
411 114 434 194
414 120 432 198
411 118 434 195
412 117 431 193
408 118 434 193
409 118 434 194
413 117 433 189
410 117 433 194
410 117 433 192
410 118 429 194
411 114 429 190
411 118 434 192
407 115 430 195
410 118 432 191
410 116 429 187
407 117 429 191
405 118 428 190
403 117 428 190
403 115 428 189
403 114 423 184
404 116 428 188
405 119 426 185
402 116 426 187
401 113 422 184
402 117 425 185
399 119 420 186
398 115 421 185
400 118 417 187
396 114 421 188
395 120 418 188
398 116 419 190
394 115 414 186
395 117 419 194
393 116 417 190
393 116 422 193
395 117 417 189
392 119 418 187
394 120 415 189
395 120 418 187
393 118 423 191
391 117 420 194
394 118 414 195
392 115 418 192
393 121 413 189
393 120 414 191
393 119 415 190
395 119 418 191
391 119 416 193
