300 80 360 280
296 73 359 287
297 74 357 289
296 70 354 291
294 72 353 291
291 73 349 290
287 74 350 285
283 76 345 290
280 77 345 285
284 78 343 286
279 79 339 288
277 77 340 288
271 81 330 284
268 89 329 285
268 88 331 286
264 93 328 284
260 100 330 289
264 99 328 286
260 103 331 291
258 106 328 282
254 105 330 287
255 102 331 288
254 103 331 288
260 108 337 290
257 102 338 287
248 101 337 286
260 97 340 285
264 97 342 289
258 98 340 285
267 95 345 288
262 94 343 288
267 96 354 290
270 98 357 284
265 94 354 286
275 98 357 296
276 106 366 294
274 111 368 298
275 112 363 290
282 118 377 296
275 120 376 295
280 120 381 288
288 116 393 287
292 114 388 290
293 110 393 288
295 97 403 281
294 99 402 285
298 92 404 289
321 81 402 281
320 81 401 284
319 77 397 280
318 69 393 279
319 68 396 272
322 69 392 280
312 72 388 275
316 70 386 281
304 79 390 275
305 85 383 279
307 82 390 281
303 91 382 275
308 92 382 280
304 92 382 266
298 97 382 273
299 97 386 264
302 94 388 269
304 95 385 269
312 93 391 270
312 89 385 271
311 90 390 271
311 85 382 277
309 85 385 275
306 85 388 268
304 82 383 276
311 81 381 278
305 84 379 272
301 82 372 269
296 81 369 277
292 80 371 273
297 80 369 275
297 80 365 267
301 80 366 271
296 80 364 274
295 78 363 269
302 83 364 273
304 82 363 276
303 84 366 279
301 83 362 274
305 82 368 274
303 82 370 265
308 82 372 266
308 82 374 260
305 78 379 263
308 81 380 267
310 78 387 260
315 74 381 264
310 76 385 270
314 68 379 264
308 68 382 261
311 64 378 268
307 63 375 262
305 61 371 263
305 59 363 258
301 52 366 255
299 58 364 260
294 59 359 265
285 57 350 267
287 57 349 265
285 60 347 266
280 62 337 257
283 60 340 257
282 62 339 257
283 68 338 252
286 70 338 260
286 73 341 257
291 78 339 257
289 76 342 261
286 78 341 252
292 80 340 254
292 84 333 264
292 86 338 260
299 76 336 265
296 79 345 257
302 75 345 264
306 69 357 259
304 73 356 254
306 70 357 257
306 60 367 261
307 65 368 261
309 68 376 263
315 61 376 269
316 64 379 264
323 68 380 265
316 72 386 267
318 71 383 257
319 75 385 256
318 82 390 254
316 83 390 254
318 87 388 260
311 96 389 266
309 93 392 264
313 95 397 253
308 102 400 263
309 103 407 262
306 102 403 261
310 103 398 263
308 104 406 264
309 105 402 262
313 103 403 264
307 99 403 270
313 99 403 269
313 96 401 264
302 93 405 273
301 93 396 273
292 88 380 256
290 84 382 261
290 84 378 258
285 76 360 259
283 82 367 257
282 73 351 252
281 82 337 245
279 72 334 241
272 69 347 242
265 68 324 233
267 63 321 248
269 63 321 240
263 67 317 250
266 68 317 244
256 66 316 243
255 72 317 253
254 78 316 246
258 75 315 240
252 77 309 253
253 75 314 255
254 77 308 247
253 77 311 247
251 76 306 253
249 80 306 251
252 79 307 243
255 80 304 252
253 74 307 244
258 73 307 244
256 75 312 238
260 73 311 249
263 68 313 244
266 69 313 250
270 64 315 251
272 58 325 253
267 59 326 250
266 56 326 262
282 66 331 241
278 65 329 242
276 72 333 248
286 80 338 261
288 77 343 258
289 82 344 255
289 85 347 268
286 82 352 268
285 81 350 262
286 83 357 267
293 88 356 263
291 86 366 268
295 84 366 265
290 83 364 270
298 81 371 262
297 71 363 264
297 73 370 265
299 64 368 267
293 62 370 252
292 58 366 265
292 60 360 258
281 61 360 262
288 56 356 270
283 61 356 267
284 63 348 273
286 63 349 262
284 66 345 267
282 68 348 255
284 65 344 261
286 60 349 259
286 62 355 254
282 59 353 251
286 59 351 252
283 54 348 259
294 54 348 257
297 53 351 250
297 61 353 259
295 60 350 252
296 61 355 255
303 69 357 257
304 67 365 257
301 67 358 248
302 75 361 257
302 72 361 251
302 75 367 252
313 77 368 257
313 72 367 249
310 72 371 254
314 73 376 256
314 74 375 247
315 70 373 251
315 73 372 244
315 70 370 243
314 68 369 237
326 60 384 242
324 58 384 243
328 49 386 237
329 57 386 241
332 57 393 230
333 59 389 235
335 54 390 234
336 54 387 231
334 59 391 233
334 55 392 229
333 56 390 240
338 57 393 237
337 60 392 238
339 61 392 238
337 62 389 235
335 61 388 239
336 63 386 240
340 64 386 235
338 61 382 236
338 63 386 236
335 62 386 236
340 66 387 233
336 63 386 234
339 65 389 227
334 71 383 232
336 68 383 226
337 65 388 220
336 68 388 232
333 68 388 234
335 70 383 225
335 69 381 222
330 70 382 223
335 66 381 226
335 70 381 224
331 69 384 227
337 67 380 226
334 66 379 225
332 70 377 225
333 69 377 226
335 69 381 225
333 74 379 228
335 76 377 225
331 76 382 225
328 73 378 227
328 76 380 225
323 76 373 228
321 75 363 230
317 76 364 230
317 75 363 228
311 75 358 227
307 76 356 227
305 72 351 227
305 75 344 230
301 73 344 229
298 72 346 225
291 66 335 219
295 70 337 214
289 67 335 220
284 63 330 220
283 63 329 222
283 68 326 223
278 67 322 220
281 70 321 221
278 64 325 223
278 74 324 220
276 70 323 221
275 73 324 224
278 72 323 223
276 70 322 222
275 69 325 223
277 67 323 224
276 68 320 220
275 67 322 217
277 64 325 215
279 64 323 215
279 63 326 208
286 59 330 210
278 64 326 211
283 65 329 205
286 70 332 206
287 68 330 206
287 69 334 217
287 73 337 215
281 72 335 221
283 74 339 224
288 75 339 221
288 78 337 221
288 82 338 218
286 85 338 225
285 85 334 218
293 85 339 226
294 88 339 223
292 88 341 225
290 89 339 227
297 89 347 219
298 89 347 225
294 88 352 221
302 87 352 214
303 87 361 221
308 84 362 220
313 89 362 216
306 87 362 221
312 85 366 225
312 86 365 220
318 85 362 221
313 84 361 221
311 86 356 229
312 84 354 223
311 87 353 220
308 82 351 227
307 82 348 230
299 82 342 222
298 86 342 226
296 81 344 220
294 82 338 216
292 81 339 213
291 83 339 218
291 81 339 216
285 81 330 210
286 82 334 218
285 86 331 213
286 88 329 223
288 83 330 222
284 85 324 225
285 89 328 220
282 85 331 224
282 89 331 222
282 82 333 229
285 82 329 231
285 85 332 228
286 85 332 227
289 87 334 232
295 84 336 229
296 85 345 236
294 90 342 236
296 90 341 235
306 89 351 237
301 87 350 235
302 91 360 227
308 91 366 241
309 91 359 232
312 89 361 239
313 89 368 241
319 97 370 237
318 93 373 242
318 102 378 242
319 104 378 241
319 110 376 239
329 112 378 239
328 110 378 243
329 110 379 236
333 110 385 246
333 112 386 250
338 114 390 243
337 108 391 238
339 111 391 245
341 111 389 241
343 114 397 239
340 108 395 233
344 114 395 240
342 113 398 242
347 112 395 237
342 112 398 241
344 115 394 243
343 113 395 243
342 115 389 238
338 115 385 238
339 114 384 244
333 115 379 247
329 116 375 252
329 116 369 255
327 114 370 247
326 111 372 243
326 106 372 248
322 105 367 251
322 96 366 249
325 100 367 246
321 97 366 245
322 96 362 248
318 97 360 246
320 95 359 250
316 97 358 252
317 100 360 251
313 100 358 252
308 106 349 253
307 102 347 258
304 107 351 261
297 105 343 256
305 105 343 253
300 109 342 254
290 110 337 252
292 106 336 252
285 105 333 253
286 103 327 249
280 101 326 247
281 102 319 246
280 95 317 246
277 94 318 250
281 93 319 250
277 85 312 240
275 87 315 233
273 88 322 237
276 86 325 242
277 87 324 236
279 92 323 236
284 97 328 239
287 93 331 240
285 96 334 239
282 100 332 248
286 106 333 246
293 104 330 238
288 109 349 239
289 111 351 245
290 115 346 241
284 112 351 240
292 116 348 247
293 116 349 251
294 117 352 255
296 113 353 248
296 114 347 250
287 113 351 256
292 112 353 248
289 112 356 246
284 113 358 243
282 111 346 248
293 112 345 247
291 113 346 232
287 112 341 238
286 115 347 249
293 112 349 255
293 112 347 249
298 111 352 254
298 113 356 252
302 112 355 250
300 112 351 250
304 113 349 243
306 113 354 251
307 115 356 248
309 113 358 254
311 112 357 256
309 113 355 252
301 112 354 253
301 115 355 252
302 112 349 256
297 114 348 256
299 114 350 255
298 111 345 256
303 105 343 259
301 104 338 264
293 106 333 259
294 99 337 261
302 103 334 256
297 100 335 245
299 92 336 248
298 89 338 246
297 88 340 250
300 91 351 248
301 93 351 246
301 93 353 255
300 98 352 252
303 99 358 246
302 102 360 245
307 106 362 252
301 104 357 247
303 112 362 255
304 112 361 253
299 111 361 262
302 115 365 262
294 117 368 256
297 122 366 259
298 118 359 254
293 119 349 252
292 113 355 260
284 115 347 260
286 113 341 267
284 113 339 261
285 110 340 270
281 109 336 264
283 111 335 272
283 109 335 277
283 115 335 266
282 111 334 275
285 107 345 278
285 108 343 278
288 108 335 281
282 108 335 281
284 110 337 281
281 112 332 289
279 114 333 294
283 114 336 285
285 113 337 279
283 114 334 287
285 112 338 290
281 104 340 284
280 104 339 283
285 102 339 282
280 95 333 285
279 94 333 288
283 88 336 286
284 78 340 293
279 82 332 285
285 73 337 290
290 72 343 286
290 74 342 292
290 77 345 286
292 73 348 281
291 75 348 281
290 79 350 283
294 81 350 287
291 82 347 283
293 83 349 278
291 89 350 283
295 90 342 285
291 87 350 285
297 102 358 278
291 95 349 277
296 94 360 274
296 89 370 272
301 91 369 285
298 87 374 276
294 74 356 271
299 79 350 277
297 71 350 277
284 72 337 271
288 66 332 266
282 66 327 276
280 68 330 278
275 73 328 266
281 75 332 262
280 79 334 273
272 80 334 283
271 83 339 276
262 81 327 281
267 81 330 278
263 81 334 268
270 84 333 250
274 80 335 259
273 81 332 271
283 74 340 258
283 75 340 256
290 70 343 255
299 71 359 253
300 67 357 263
300 70 365 263
305 73 378 261
307 73 373 255
312 70 382 256
322 68 387 252
331 69 397 240
332 61 402 266
347 58 401 262
348 55 399 263
347 54 404 261
352 50 405 263
358 46 408 266
361 52 417 261
368 51 430 273
371 50 430 255
371 52 437 261
386 55 457 274
387 55 456 266
393 57 462 277
398 59 464 282
404 62 469 279
410 65 476 289
411 65 482 274
410 69 479 279
410 75 482 264
409 75 481 271
404 82 482 267
404 81 469 270
403 82 474 254
406 84 471 275
397 84 468 268
399 84 463 280
396 82 466 282
392 85 464 283
393 88 461 286
394 83 458 279
392 81 457 277
392 80 456 287
396 73 457 272
387 72 454 285
391 70 454 275
390 68 453 279
396 65 451 278
393 73 453 282
397 72 456 278
399 75 452 277
399 77 451 266
399 82 451 262
397 89 453 279
400 85 453 276
398 89 451 266
397 81 448 272
393 81 445 277
391 78 449 268
391 74 444 277
391 75 443 271
388 77 445 275
380 79 444 277
380 79 443 281
379 84 444 280
376 85 438 274
383 87 434 280
378 91 436 274
376 91 434 283
378 90 434 278
377 88 439 271
376 91 432 280
376 87 433 269
373 91 429 281
371 89 427 277
377 85 423 275
374 87 426 279
375 86 428 275
373 86 423 276
371 85 426 276
374 88 425 276
367 88 429 275
370 87 432 273
365 90 427 272
363 93 423 272
362 93 428 270
354 105 416 268
356 110 420 273
352 106 415 279
346 115 403 276
350 117 405 272
348 116 399 275
341 116 400 270
338 119 396 271
338 117 397 280
329 117 389 269
330 120 393 272
329 119 386 265
323 119 376 269
323 119 384 258
324 118 381 269
319 121 372 259
322 115 375 261
316 116 372 265
310 116 369 262
313 114 367 257
313 114 364 254
312 106 366 252
311 104 370 258
310 101 369 259
315 91 370 272
314 94 368 270
316 93 370 271
325 91 370 275
323 85 372 268
325 91 376 270
326 87 381 269
328 91 382 273
325 95 378 271
329 99 381 276
331 96 381 269
330 99 379 271
332 105 382 282
332 103 383 269
333 106 384 278
336 105 392 277
336 100 395 271
