138.99,44.308,53.56,162
139.45,43.846,53.57,162.46
140.84,43.846,53.1,161.53
142.22,43.846,52.64,161.53
142.68,43.385,52.64,161.53
143.15,42.923,53.1,162
144.07,42.923,53.1,162
144.53,43.846,52.18,161.07
144.99,42.923,51.72,162.46
144.99,43.846,52.18,161.07
144.99,43.846,52.64,161.07
146.38,43.846,51.25,161.53
146.38,43.846,51.25,161.53
146.38,43.846,51.25,161.53
146.38,43.846,51.72,161.53
146.38,43.846,51.72,161.53
146.38,43.846,51.72,161.53
146.38,43.846,51.72,161.53
146.38,43.846,51.72,161.53
146.38,43.846,51.72,161.53
146.38,43.846,51.72,161.53
146.38,43.846,51.72,161.53
146.38,45.231,51.72,161.08
146.38,45.231,51.72,161.08
146.38,45.231,51.72,161.08
145.45,45.231,52.18,161.08
145.45,44.769,52.18,161.54
145.45,44.769,52.18,161.54
145.45,44.308,52.18,162
144.53,44.308,52.64,162
144.99,44.308,51.26,161.54
144.99,44.308,51.26,161.54
144.53,44.769,51.72,161.54
144.53,44.769,51.72,161.54
144.07,44.769,51.72,162
144.07,44.769,51.72,162
144.07,44.769,51.72,162
144.07,45.692,51.72,161.08
144.07,45.692,51.72,161.08
143.15,45.692,52.17,161.08
143.15,45.692,52.17,161.08
143.15,45.692,52.17,161.08
143.15,44.769,52.17,162
143.15,44.308,52.17,162
143.15,44.308,52.17,162
144.07,44.308,51.72,161.54
144.07,43.846,51.72,162
144.07,43.846,52.64,162
144.53,42.923,52.18,162.93
145.45,42.462,52.65,162
145.92,42.462,53.1,162
147.76,42,51.26,162
148.22,42,51.26,162
149.15,42,51.25,162
149.15,42,51.72,162
150.07,42,52.18,162
151,42,52.17,162
151,42.462,52.64,161.54
151,42.462,52.64,162
150.53,42.462,51.72,162
150.53,42.462,51.72,162.46
149.15,43.385,52.18,161.53
148.69,43.385,51.71,161.53
147.3,43.385,51.72,162
144.99,43.385,52.64,162
143.61,43.385,51.25,162.47
141.3,43.385,52.18,162.47
139.45,43.385,52.64,162.47
137.14,43.385,52.18,162.93
135.76,43.385,51.71,163.84
133.45,44.308,51.72,163.38
131.14,44.769,51.72,164.31
128.37,46.154,52.18,163.85
126.98,47.077,52.18,163.84
126.06,47.077,51.26,163.84
124.21,47.077,50.8,163.84
122.37,47.077,52.64,163.84
122.37,47.077,52.64,163.84
122.37,47.077,52.18,163.84
122.37,47.077,52.18,163.84
121.44,47.077,53.11,163.38
121.44,46.154,53.57,164.31
122.83,44.769,52.64,164.31
123.75,44.769,52.18,164.31
123.75,44.769,52.64,164.31
123.75,45.692,52.64,163.39
123.75,46.154,52.18,162.93
123.75,46.154,52.18,162.93
123.75,46.615,51.26,162.92
123.29,47.538,50.79,162.46
121.9,48,52.18,162.46
121.9,48,52.18,162.46
120.52,48.923,50.79,161.54
120.52,48.923,50.79,161.54
119.13,49.385,50.8,161.53
118.21,49.385,51.26,161.53
116.83,49.385,51.71,161.53
115.9,49.385,50.8,161.08
115.9,49.385,49.87,160.62
114.98,48,50.33,161.54
114.05,48,50.34,161.08
114.05,47.538,50.34,160.15
112.67,47.077,50.79,158.77
112.67,46.154,50.79,159.7
112.67,45.692,49.41,159.23
112.67,44.308,49.41,158.31
112.67,43.385,50.33,158.77
113.13,42,50.33,158.77
114.98,42,48.48,158.77
115.44,42,49.41,157.85
116.36,41.538,50.34,158.31
118.21,41.538,50.33,158.31
118.67,42,49.87,157.85
118.67,42,49.87,157.85
118.67,42,49.87,157.85
118.21,42.462,50.33,158.31
119.13,42.923,49.41,157.85
119.6,43.846,48.94,158.3
120.52,45.231,49.87,157.85
121.44,45.692,49.41,158.31
121.44,46.154,50.33,157.39
122.37,46.154,49.4,157.39
123.29,46.154,50.33,157.39
124.21,45.692,49.41,158.31
124.21,45.231,49.87,158.77
124.21,44.308,49.87,159.23
124.21,44.308,49.87,158.77
124.21,44.308,49.87,158.77
122.37,43.846,49.4,159.23
120.98,43.846,48.95,159.23
119.13,43.385,49.87,158.77
116.83,43.385,49.87,158.77
115.44,43.385,49.41,158.77
114.05,43.385,49.41,158.77
112.67,43.385,48.95,158.77
111.75,42.462,48.48,159.69
109.9,42.462,49.87,159.69
109.9,42.462,49.41,158.31
109.9,42.462,49.41,158.31
110.36,42.462,48.02,158.31
112.21,42.462,46.17,158.77
113.13,42.462,46.64,158.77
114.98,43.385,44.79,157.84
115.44,43.385,44.33,158.77
116.36,43.846,44.33,158.3
117.75,43.846,42.94,158.3
117.75,44.308,42.94,157.84
117.75,44.769,42.94,157.38
118.67,45.692,41.56,156.46
118.67,45.692,41.1,156.46
118.67,45.231,40.64,156.92
118.67,43.846,40.18,156.46
118.67,42.462,39.25,156.46
118.67,40.615,37.87,155.07
118.21,36.462,36.94,152.77
116.83,33.231,36.94,152.77
116.83,30.923,36.01,152.77
116.83,29.538,34.63,152.31
116.83,28.615,34.63,153.23
116.83,28.615,34.17,152.3
116.83,28.615,33.24,152.3
116.83,28.615,33.24,152.3
116.83,27.692,32.32,153.23
116.83,27.692,31.86,153.23
116.83,27.692,30.47,153.23
116.83,29.077,30.47,151.84
116.83,29.077,30.47,151.84
118.21,29.077,29.09,151.84
118.67,29.538,28.63,152.31
120.06,30,28.16,152.31
121.44,32.769,27.71,151.85
123.29,33.231,27.24,152.31
124.68,35.077,27.24,152.77
126.52,36.462,25.86,151.85
127.45,37.846,25.85,151.84
128.83,38.308,24.94,152.31
130.22,39.231,23.55,152.31
130.22,40.154,23.55,151.85
130.22,41.077,23.55,151.84
130.22,42.462,23.08,151.39
130.22,42.462,22.16,152.31
128.83,43.846,23.55,151.84
128.83,44.769,23.55,152.31
128.83,44.769,22.17,152.31
127.91,44.769,23.09,152.31
127.91,44.769,23.09,152.31
127.91,44.769,23.09,152.31
127.91,44.769,23.55,152.31
127.91,44.769,23.55,152.31
127.91,45.692,23.55,151.39
127.91,45.692,24.01,151.85
127.91,45.692,25.86,151.85
127.91,45.692,25.86,152.31
127.91,45.692,26.32,152.31
127.91,46.615,26.32,151.38
127.91,46.615,26.32,151.38
126.98,46.615,27.25,151.38
125.6,46.615,29.09,151.38
125.6,46.615,29.09,151.38
124.68,46.615,30.93,151.38
124.68,46.615,31.86,151.38
124.68,46.615,33.7,151.38
124.68,46.615,34.17,151.38
124.68,46.615,34.17,151.38
123.29,46.615,36.02,151.38
122.83,46.154,36.02,151.85
121.44,45.231,37.41,152.77
120.52,43.846,38.33,154.15
119.6,42.462,39.25,155.54
118.21,41.077,40.64,156.92
116.83,40.615,42.94,157.38
115.44,39.692,44.33,158.31
114.52,38.769,44.79,159.23
113.59,38.308,45.72,157.84
111.28,38.308,48.03,157.84
111.28,38.308,48.49,157.84
111.28,38.308,48.95,157.84
112.21,38.308,48.94,158.31
112.21,38.308,50.33,158.77
112.21,38.308,50.33,159.23
113.13,38.308,50.33,159.23
114.98,38.308,49.87,159.23
114.98,38.308,50.79,160.15
116.36,39.231,50.8,160.62
117.75,40.615,50.79,160.61
118.21,40.615,50.79,162
118.67,40.615,51.26,162
120.06,40.615,50.33,162
120.06,40.615,50.33,162
120.06,40.615,50.33,162
120.06,40.615,50.33,162
120.98,40.615,50.79,162
121.9,40.615,51.26,162
121.9,40.154,51.26,162.47
123.75,40.154,51.26,162.47
126.52,40.154,51.26,162.47
130.68,40.154,51.25,162.47
135.76,40.154,52.18,162.47
140.38,40.154,51.25,162.47
144.53,40.154,50.79,162.47
146.84,40.154,51.72,162.47
150.53,40.154,50.8,162.47
152.38,40.154,51.26,162
152.84,40.154,51.72,162
153.77,40.154,50.79,162
154.23,40.154,51.71,162
155.61,40.154,50.8,162.47
156.07,40.154,52.65,162.47
157.46,40.154,51.72,162.47
157.46,40.154,52.18,163.39
157.46,40.154,52.18,163.39
157.46,40.154,52.18,162.47
157.46,39.231,52.18,163.39
156.07,38.769,52.65,163.85
156.07,38.308,51.72,164.31
155.61,36.923,52.18,164.31
155.61,36.923,51.26,164.31
155.61,36,51.72,165.23
155.61,36,51.72,164.77
155.61,36,51.72,164.77
155.61,36,51.72,166.15
155.61,36,52.64,167.08
155.61,36,52.64,167.08
155.61,36,52.64,167.08
155.61,36,52.64,167.08
154.23,35.077,54.02,168
154.23,34.154,54.02,167.08
154.23,31.846,54.02,169.38
153.3,31.846,54.49,169.38
152.38,33.231,53.56,168
149.61,33.692,54.95,168.93
148.22,33.692,54.95,169.85
148.22,33.692,54.95,169.85
147.76,35.077,54.95,169.38
147.76,35.538,54.49,169.38
145.92,35.538,56.33,170.31
145.92,35.538,56.33,170.31
145.92,35.538,56.33,170.31
147.3,35.538,54.95,170.77
148.22,35.538,55.88,170.77
150.07,35.538,55.41,170.77
154.23,35.538,54.95,170.77
158.85,35.538,55.41,169.84
165.31,34.615,54.95,169.84
172.24,33.692,55.87,169.85
175.01,32.308,56.79,170.31
179.16,32.769,56.34,169.85
181.01,32.769,58.18,169.85
184.24,32.769,58.18,169.85
186.55,32.769,57.26,169.85
187.94,32.769,58.64,169.85
189.78,31.385,57.72,169.84
189.78,30.923,58.65,170.31
189.78,30.923,58.65,168.93
189.78,30,58.65,169.85
189.78,29.538,58.65,170.31
191.63,29.077,55.41,170.77
191.63,29.077,55.41,170.77
191.63,29.077,55.41,170.77
191.63,29.538,56.34,170.31
191.63,30,56.34,170.31
191.63,30.923,56.34,170.77
193.02,32.308,54.95,170.31
193.02,32.769,54.95,170.31
193.02,33.231,54.95,169.85
