162 170 197 270
165 175 199 268
163 170 198 268
162 169 196 266
161 164 199 266
160 166 198 266
160 166 200 266
161 169 199 265
161 174 199 260
161 176 200 264
161 176 194 264
160 179 193 270
157 176 192 262
160 179 190 262
157 179 189 266
156 180 187 266
159 179 188 268
157 179 184 267
162 187 190 273
162 191 187 269
160 188 192 264
165 188 189 265
164 189 189 269
160 192 188 272
160 192 189 270
161 196 189 270
164 196 191 271
168 191 190 267
168 192 191 264
164 188 195 263
170 190 196 265
169 189 195 267
167 192 198 265
167 189 198 264
165 189 197 265
165 191 199 263
167 191 201 269
166 194 194 271
165 192 195 271
165 193 195 269
162 194 189 273
160 191 194 268
159 194 190 267
156 194 187 269
158 189 190 273
156 191 190 269
153 194 187 266
155 198 189 265
156 191 184 269
151 190 185 265
152 192 183 269
151 190 185 271
155 191 182 270
148 185 185 270
150 185 179 269
153 185 180 268
148 183 178 271
152 185 178 270
152 185 177 269
152 181 179 276
145 180 178 269
144 180 175 272
145 182 172 266
142 177 170 270
142 183 169 267
140 182 178 273
137 183 174 268
140 185 174 273
140 184 171 279
140 181 176 273
142 182 176 272
148 181 180 275
162 179 195 284
168 176 210 279
183 170 223 277
195 174 234 272
201 173 237 273
195 172 244 271
197 173 240 267
197 173 239 272
199 171 239 268
199 169 244 272
201 171 243 273
200 165 241 267
202 167 244 267
203 166 243 272
202 165 245 267
207 159 247 270
206 161 250 268
204 159 250 266
209 156 252 268
210 156 253 266
213 150 254 271
213 151 259 268
213 153 259 266
217 152 260 267
217 151 259 263
220 149 267 265
221 149 267 265
223 150 267 263
224 151 265 266
222 144 266 264
219 141 269 272
222 147 269 267
225 148 270 263
224 147 269 262
228 146 271 261
229 146 270 267
224 144 267 260
228 144 271 264
226 146 269 264
226 147 271 263
229 148 270 264
228 146 269 262
226 144 267 264
230 147 268 258
225 147 269 257
224 148 270 264
222 147 270 267
225 146 268 261
221 151 270 267
219 147 270 263
220 148 268 262
219 146 270 270
222 148 271 267
220 149 274 268
221 148 272 267
223 146 270 264
218 145 268 260
223 149 272 270
221 149 274 263
218 152 274 265
223 152 271 265
223 153 274 270
231 148 273 266
231 153 273 265
228 156 277 268
230 154 276 263
233 156 275 265
235 157 280 275
235 159 278 270
235 158 277 266
235 157 272 264
234 152 274 262
234 151 273 263
233 150 270 260
231 154 271 258
229 148 267 262
229 149 268 257
229 147 266 257
233 150 271 256
226 146 264 257
230 150 270 260
229 144 261 259
225 145 264 252
227 140 261 254
224 137 258 260
226 140 257 262
224 140 257 264
221 142 253 266
220 145 252 263
218 141 251 266
219 140 250 269
226 138 252 264
223 141 249 262
224 142 250 264
221 139 250 265
218 142 253 269
217 139 251 268
215 145 249 263
216 149 250 261
216 151 248 268
214 154 247 265
214 153 246 265
213 158 243 262
208 156 241 264
207 155 241 258
202 156 240 263
201 153 241 260
205 154 239 257
202 154 237 262
202 154 237 256
202 155 236 260
199 156 235 254
198 158 237 254
196 159 241 261
194 159 235 254
191 165 236 256
192 164 230 258
190 165 227 249
191 164 227 254
186 166 231 263
182 167 232 271
180 164 228 262
180 161 228 263
173 163 230 260
184 158 235 258
186 158 234 270
184 155 227 258
185 152 230 257
183 157 230 252
185 158 227 251
180 155 221 259
184 149 222 256
187 152 219 259
183 150 224 258
182 152 225 261
181 150 222 267
178 149 221 263
181 148 219 267
182 148 218 262
181 148 216 263
181 145 213 258
184 147 217 259
182 145 218 256
183 144 221 260
184 144 222 256
187 143 218 255
190 147 224 260
188 146 219 248
188 145 228 254
193 142 223 260
191 145 224 263
192 145 226 257
191 146 229 261
193 147 229 268
194 146 229 259
195 137 231 257
191 133 250 266
195 140 240 246
191 135 238 249
194 133 246 260
203 133 258 260
213 133 261 259
227 133 269 258
234 137 285 259
239 135 282 262
241 135 277 262
244 134 291 264
246 130 293 260
245 145 280 269
246 153 279 259
244 145 280 260
238 146 275 268
233 148 274 262
234 150 266 266
234 144 263 266
229 147 261 259
235 152 262 262
229 151 261 268
230 157 261 264
229 160 262 270
228 153 268 275
223 144 270 267
223 146 267 264
227 143 274 265
227 145 275 265
228 149 271 258
229 150 271 266
231 146 274 264
232 145 271 264
234 147 270 268
234 149 268 272
239 143 270 271
239 149 278 264
246 147 278 265
244 152 279 263
241 148 282 257
250 153 290 265
249 145 290 262
255 145 291 262
257 147 296 256
257 145 298 259
263 144 297 255
263 145 295 252
264 143 299 259
270 142 297 258
269 145 304 255
270 141 306 260
271 141 309 263
275 146 312 269
274 147 315 274
278 143 317 270
278 144 321 271
279 148 325 268
281 148 326 269
285 144 324 265
287 145 324 269
288 149 331 278
289 149 331 274
288 146 326 273
292 142 328 278
289 147 325 269
290 143 327 280
292 147 326 280
291 146 323 278
293 146 327 280
295 142 329 274
299 138 330 276
301 138 335 278
300 140 340 271
303 140 334 276
307 136 341 273
309 140 350 271
315 139 347 275
312 139 352 276
318 137 351 283
319 141 357 283
322 142 357 286
320 134 362 288
326 139 363 285
328 136 365 292
331 135 367 283
328 134 367 288
328 135 369 287
330 133 375 288
333 131 376 286
334 133 374 292
330 133 375 292
336 133 376 287
337 131 378 288
336 133 377 291
337 135 373 291
