101.13,42.462,39.25,152.31
102.05,42.462,38.33,152.31
102.05,42.462,38.33,152.31
102.05,42.462,38.33,152.31
102.97,42.462,37.87,152.31
102.97,42.462,38.79,152.31
102.97,42.462,38.79,152.31
103.43,42.462,39.25,152.31
103.43,42.462,39.25,152.31
103.43,42.462,39.25,152.31
103.43,42.462,39.25,152.31
103.43,42.462,39.25,152.31
103.43,42.462,39.25,152.31
103.43,42.462,39.25,152.31
103.43,42.462,39.25,152.31
103.43,42.462,39.25,152.31
103.43,42.462,39.25,152.31
103.43,42.462,39.25,152.31
103.43,42.462,39.25,152.31
104.36,43.846,38.32,151.38
104.36,43.846,38.32,151.38
104.36,43.846,38.32,151.38
104.36,43.846,38.32,151.38
104.36,44.308,38.32,152.31
104.36,44.308,38.32,152.31
104.36,44.308,38.32,152.31
104.36,44.308,38.32,152.31
104.36,44.769,38.32,152.77
104.36,44.769,38.32,152.77
104.36,45.692,38.32,151.85
104.36,45.692,38.32,152.31
104.36,45.692,38.32,152.77
104.36,46.154,38.32,152.31
104.36,46.154,38.32,152.31
104.36,46.154,38.32,152.31
104.36,46.154,38.32,152.31
104.36,46.154,38.32,152.31
104.36,46.154,38.32,152.31
104.36,46.154,38.32,152.31
104.36,46.154,38.32,152.31
104.36,46.154,38.32,152.31
104.36,46.154,38.32,152.31
104.36,46.154,38.32,152.31
105.28,46.154,37.4,152.31
106.2,46.154,36.48,152.31
106.2,46.154,36.48,152.31
106.2,46.154,36.48,152.31
106.2,46.154,36.48,152.31
107.13,46.154,35.55,152.31
107.13,46.154,35.55,152.31
107.13,46.154,35.55,152.31
108.05,47.077,34.63,151.38
108.05,47.077,34.63,151.38
108.05,47.077,34.63,151.38
108.05,47.077,34.63,151.38
108.05,45.692,36.02,151.39
108.51,44.769,36.48,151.38
108.51,44.769,37.87,151.38
109.44,44.308,37.86,151.84
109.44,44.308,41.09,150.46
108.98,43.846,43.86,150.92
107.59,43.846,47.1,150
106.2,43.846,49.41,149.53
105.74,43.846,52.18,148.15
103.9,43.846,55.41,148.15
102.51,43.846,56.8,148.15
102.51,43.846,57.72,147.69
102.51,42,59.11,148.62
102.51,40.615,59.11,149.53
102.51,40.154,57.72,150
102.51,40.154,56.8,150
102.51,38.769,54.95,149.54
102.51,38.769,53.56,149.54
102.97,38.769,51.72,149.54
105.28,38.308,48.02,150.46
107.59,38.308,42.48,151.38
110.36,38.308,37.4,151.38
109.44,37.385,37.86,152.31
108.98,36.462,38.32,152.77
108.98,36.462,43.4,152.77
108.51,36.462,51.26,152.77
107.59,36.462,56.8,152.77
105.74,37.385,62.8,152.77
104.36,38.769,66.03,152.31
103.43,38.769,67.88,152.77
103.43,39.692,69.73,151.85
108.05,39.692,68.34,151.85
107.13,39.692,69.26,151.85
104.82,40.154,70.19,152.31
104.82,40.154,68.34,153.23
104.82,40.154,65.57,153.23
102.05,40.615,63.26,152.76
101.59,40.615,57.72,152.76
101.59,42,52.18,151.38
100.66,42.462,45.72,152.31
101.59,42.462,42.48,153.69
101.59,42.462,42.94,155.08
101.59,42.462,42.48,155.08
100.66,42.462,44.79,155.08
97.893,43.385,49.867,154.16
96.508,43.846,59.562,152.77
96.508,43.846,65.572,152.77
97.893,40.615,71.107,150.47
100.66,36.923,71.11,150.93
98.355,35.077,73.415,151.84
98.355,34.615,71.115,152.3
98.355,34.615,69.265,152.3
102.05,34.615,62.8,152.3
105.74,34.615,56.8,152.76
109.44,35.077,53.1,152.77
113.59,35.077,40.64,154.15
117.29,36.462,36.01,154.62
117.29,38.769,36.01,154.15
115.9,41.077,45.25,154.61
115.9,42.923,54.49,154.62
114.52,43.846,63.72,153.69
114.52,44.769,69.72,153.23
114.05,44.769,72.5,153.23
111.28,42.923,75.27,152.77
108.51,40.615,76.19,152.76
106.2,39.692,76.2,152.77
104.36,39.692,74.8,152.31
104.36,40.154,71.11,151.85
107.13,40.615,66.95,151.84
110.36,40.615,59.57,152.76
113.59,40.615,53.57,152.76
117.29,42.462,46.17,152.31
122.83,42.462,40.63,154.62
122.83,43.846,40.63,153.23
120.98,44.769,43.87,154.15
119.13,46.154,48.03,152.77
115.9,47.538,57.72,152.31
111.28,50.769,65.11,150
107.13,52.615,69.26,150
102.97,54.462,72.5,148.62
98.817,54.462,75.263,148.62
96.508,53.077,73.882,149.54
96.508,50.308,71.572,149.54
96.508,48,64.642,150.46
97.893,46.615,55.877,151.38
102.05,45.692,42.02,152.31
105.74,43.846,28.63,152.3
NaN,NaN,NaN,NaN
NaN,NaN,NaN,NaN
NaN,NaN,NaN,NaN
NaN,NaN,NaN,NaN
NaN,NaN,NaN,NaN
NaN,NaN,NaN,NaN
NaN,NaN,NaN,NaN
NaN,NaN,NaN,NaN
NaN,NaN,NaN,NaN
NaN,NaN,NaN,NaN
NaN,NaN,NaN,NaN
NaN,NaN,NaN,NaN
128.37,28.615,29.09,149.53
120.06,26.769,35.09,152.77
113.59,26.769,38.33,152.77
109.44,24.923,39.25,155.08
107.13,24.923,39.25,157.39
108.98,24.923,39.24,157.39
108.98,24.923,42.02,157.39
108.98,24.923,50.79,157.39
105.28,27.231,63.26,153.69
101.13,27.692,72.49,153.23
97.431,30,76.189,150.92
93.737,32.769,79.883,151.38
90.967,34.615,81.273,152.76
90.967,35.077,78.503,152.77
92.814,34.615,73.886,153.23
97.893,33.231,66.027,154.62
102.51,32.769,57.26,155.08
108.51,31.385,48.95,156.47
114.52,31.846,40.17,156.46
119.6,34.154,36.47,156.47
119.6,34.615,37.4,156
119.13,36,48.03,156.46
115.9,36.462,60.49,156
113.13,37.385,69.73,156
110.82,38.308,74.81,155.07
108.51,38.769,77.58,154.61
105.74,38.769,80.35,154.61
102.97,39.231,79.89,154.15
102.05,39.231,78.04,154.15
102.05,39.231,74.34,154.15
104.36,38.308,67.88,155.07
106.2,38.308,60.96,154.15
108.05,38.308,53.57,154.15
110.36,38.308,45.71,155.54
114.05,38.769,39.25,157.38
114.98,40.154,38.32,160.16
114.98,41.538,39.71,159.23
113.13,42,48.02,158.77
108.51,42.923,60.49,157.85
104.82,44.769,69.26,156
101.59,46.154,73.42,155.54
100.66,47.077,73.89,155.54
98.355,47.538,74.805,155.08
98.355,47.538,72.495,155.08
100.66,47.538,68.81,155.08
105.74,48,62.34,156.46
109.9,48,56.8,156.46
117.75,48,48.95,156.46
124.21,48,39.71,157.38
127.91,48,34.63,157.85
127.91,48,36.48,157.85
127.91,48,46.17,157.85
125.6,48,56.8,157.85
123.29,48.462,65.11,157.39
120.06,50.308,70.65,155.54
115.9,50.308,74.81,156
113.59,50.308,75.27,156
110.36,50.308,76.19,156
107.59,50.308,75.73,156
107.59,48.923,71.57,157.39
110.36,48.923,66.03,157.39
114.52,47.538,60.49,156.46
116.36,44.308,54.49,156.46
120.98,43.846,47.56,156.92
126.06,44.769,38.33,157.85
130.68,47.538,33.71,157.84
130.68,48,38.32,157.38
130.68,49.385,42.02,157.84
127.91,49.846,52.18,155.53
124.68,49.846,57.72,155.53
121.9,49.846,69.27,155.07
121.9,49.846,71.12,155.07
115.44,52.154,76.19,152.77
114.52,52.154,74.8,154.16
114.52,52.154,72.03,154.16
114.52,52.154,70.18,154.16
115.9,52.154,65.57,154.16
122.37,52.154,57.72,155.54
127.45,51.231,52.64,156.46
134.83,51.231,42.95,155.54
141.76,51.231,36.02,155.54
143.15,51.231,34.63,156.46
143.15,51.231,41.55,156.46
140.84,51.231,52.64,156.46
138.07,52.615,61.41,156.92
134.37,53.077,66.96,156.46
128.37,54,71.11,155.54
122.37,54.923,73.42,155.54
118.21,54.923,71.11,155.54
114.98,54.923,69.72,155.54
113.13,54.923,62.8,155.54
114.98,53.538,54.02,156.92
117.29,52.615,43.86,157.84
121.44,50.308,32.79,156.46
NaN,NaN,NaN,NaN
NaN,NaN,NaN,NaN
NaN,NaN,NaN,NaN
NaN,NaN,NaN,NaN
NaN,NaN,NaN,NaN
NaN,NaN,NaN,NaN
NaN,NaN,NaN,NaN
NaN,NaN,NaN,NaN
NaN,NaN,NaN,NaN
NaN,NaN,NaN,NaN
NaN,NaN,NaN,NaN
NaN,NaN,NaN,NaN
139.91,54,34.17,155.54
129.29,53.077,40.64,156.46
126.06,53.077,40.64,156.46
119.6,51.692,44.79,157.39
122.37,50.308,38.78,158.77
126.06,50.308,37.4,158.77
126.06,50.308,37.4,158.77
124.68,49.846,45.25,159.23
124.68,49.385,53.1,157.39
121.9,48,62.8,156.92
119.13,47.077,68.34,157.38
116.36,47.077,71.11,157.38
114.52,47.077,72.95,157.38
111.28,47.077,74.35,156.46
109.44,45.231,72.96,158.31
108.05,45.231,71.57,158.31
108.98,44.308,67.87,158.77
111.75,43.385,63.26,158.31
114.05,40.154,56.8,157.85
116.36,35.077,52.18,157.84
119.6,33.692,44.32,159.23
120.52,33.692,43.4,161.08
121.9,36,42.02,161.54
120.98,36.462,42.48,162
116.83,38.769,50.33,160.61
112.67,40.615,59.1,158.76
107.59,43.385,68.34,157.39
103.9,45.692,74.34,157.39
101.59,46.615,76.65,156.47
98.355,47.538,78.965,156.92
98.355,47.538,76.195,156.92
98.355,47.538,72.495,156.92
102.05,47.538,66.95,156.92
106.67,46.154,60.49,158.31
109.9,45.231,54.02,158.77
114.98,43.385,45.71,159.7
122.83,42,37.86,159.23
125.14,40.615,37.4,160.61
125.14,40.615,40.63,159.69
124.21,40.615,50.8,158.76
121.9,40.615,60.96,158.76
120.06,40.615,67.41,158.76
116.83,40.615,72.49,158.76
114.52,42,74.8,157.38
112.67,42,76.19,157.38
110.36,42,74.81,157.85
109.44,42,73.42,157.85
112.67,42,68.34,157.85
118.67,40.615,62.34,159.23
121.44,38.769,56.8,158.31
126.52,35.538,48.95,159.69
131.6,34.154,42.95,159.7
138.07,34.615,37.86,161.53
138.07,35.538,42.02,163.38
138.07,36.462,44.79,162.46
138.07,36.462,54.95,162.46
135.3,36.923,63.72,162
132.53,39.231,71.57,159.23
129.29,40.615,75.73,157.84
126.52,42,78.5,158.31
124.21,42.462,79.43,157.85
120.52,42.462,78.5,157.85
119.13,42.462,74.35,157.85
121.9,41.077,67.88,160.15
126.06,41.077,60.95,160.15
129.75,41.077,54.03,160.15
135.3,40.154,44.79,161.08
138.99,40.154,39.25,161.08
138.07,40.154,40.17,161.08
137.14,40.154,46.64,161.08
137.14,38.769,56.34,161.54
134.83,37.846,65.11,162.46
131.14,37.846,72.96,160.61
126.52,38.769,77.58,159.69
121.9,38.769,78.97,159.69
116.83,38.769,79.42,159.69
112.67,37.846,78.5,160.61
109.44,37.846,76.65,160.61
109.44,37.846,72.49,160.61
112.67,37.846,65.57,160.15
114.98,36.462,59.1,160.16
115.9,36.462,52.18,160.16
120.98,36.462,43.87,161.54
125.14,38.308,39.25,163.84
125.14,40.154,39.25,163.85
124.21,40.154,42.02,163.85
119.6,41.538,54.48,162.46
114.98,41.538,64.64,161.54
110.82,42.462,70.65,159.69
107.59,42.462,66.96,159.69
103.9,42.462,61.87,159.69
99.278,43.846,58.642,158.3
98.355,43.846,51.255,158.3
98.355,43.846,46.635,157.38
NaN,NaN,NaN,NaN
NaN,NaN,NaN,NaN
NaN,NaN,NaN,NaN
NaN,NaN,NaN,NaN
NaN,NaN,NaN,NaN
NaN,NaN,NaN,NaN
NaN,NaN,NaN,NaN
NaN,NaN,NaN,NaN
NaN,NaN,NaN,NaN
NaN,NaN,NaN,NaN
NaN,NaN,NaN,NaN
NaN,NaN,NaN,NaN
NaN,NaN,NaN,NaN
147.76,40.154,42.95,156.93
136.68,38.308,50.33,158.77
127.91,38.308,54.49,157.84
125.6,36.462,54.02,158.31
118.21,34.615,57.26,161.07
109.44,31.846,60.95,161.53
113.13,29.538,54.03,162
115.9,28.615,46.64,162.92
119.6,28.615,41.09,165.69
119.6,28.615,42.02,167.53
119.6,28.615,44.32,167.53
119.6,28.615,52.17,168
118.21,28.615,61.88,167.07
114.98,29.538,70.65,165.23
111.75,30.923,76.65,162.93
108.98,31.385,79.42,162.47
106.67,32.769,80.8,162
103.43,32.769,81.74,162.46
103.43,32.769,78.5,162.92
105.74,32.769,74.35,162.92
110.36,32.769,68.8,165.23
115.9,32.769,61.42,166.15
121.44,32.769,54.95,166.15
130.22,33.231,44.33,165.69
136.22,33.231,38.33,165.69
137.14,34.154,39.25,167.08
137.6,35.077,46.64,167.07
138.07,36.462,55.87,166.62
135.76,37.385,65.11,165.7
133.45,39.231,71.57,165.69
130.68,42.462,76.19,164.31
127.91,44.769,78.96,164.77
124.21,45.692,82.66,163.85
121.44,45.692,82.2,164.77
119.6,45.692,80.34,164.31
117.75,45.692,77.57,164.31
120.06,45.692,72.49,164.31
122.83,44.308,66.03,164.31
124.68,43.846,59.1,163.84
127.91,42.923,51.71,164.77
132.53,42.923,42.94,168
135.3,44.308,37.86,168
135.3,45.231,39.71,168.46
133.45,45.231,47.56,168.46
131.6,46.154,57.26,167.54
126.98,46.154,66.96,166.62
122.83,48,72.49,164.77
119.13,48,76.66,164.77
115.9,49.385,78.04,164.31
112.67,49.385,78.04,164.31
111.28,49.385,76.19,164.31
112.67,48.462,71.57,165.23
115.9,48.462,66.03,165.23
119.6,47.077,60.02,165.23
125.14,45.692,52.64,165.23
129.29,45.692,45.72,165.23
135.3,45.692,39.71,165.23
137.6,45.692,37.41,165.23
137.6,45.692,40.18,165.23
137.6,45.692,50.34,165.23
135.76,46.154,59.56,164.77
132.99,46.154,68.8,164.77
130.22,46.154,73.88,163.85
126.06,46.615,78.04,163.38
120.52,46.615,79.42,163.38
115.44,46.615,80.81,163.38
109.9,46.615,80.81,162.92
107.59,46.154,78.5,163.39
104.82,45.692,75.73,162.93
104.82,43.385,70.19,162.93
106.2,41.077,63.73,163.38
107.59,40.154,57.72,161.54
108.98,40.154,50.79,161.54
112.21,40.154,47.1,165.23
115.9,40.615,43.87,165.69
115.9,41.538,45.25,165.69
113.59,44.769,47.56,164.77
110.36,48.462,57.72,163.39
108.05,53.077,66.5,161.07
106.2,55.385,72.96,158.77
107.13,57.231,76.65,158.77
109.9,58.615,76.65,157.38
112.21,58.615,76.65,157.84
114.52,57.231,74.34,157.85
118.67,54,70.19,158.31
125.6,51.231,63.26,161.08
