154,67,46,139
154,67,46,139
155,67,46,139
156,67,46,139
157,67,46,139
157,67,46,139
158,67,46,139
159,67,46,139
160,67,46,139
160,67,46,139
161,67,46,139
162,67,46,139
163,67,46,139
162,68,47,137
161,69,48,136
160,70,49,135
159,71,50,134
159,73,51,132
158,73,52,131
157,73,53,131
156,74,54,130
155,74,55,130
154,75,57,129
153,75,58,129
152,76,59,128
151,76,60,128
151,77,61,127
152,75,60,129
154,73,59,131
155,71,59,133
157,69,58,135
159,66,56,138
161,64,55,140
163,62,53,142
165,60,52,144
167,58,50,146
169,56,49,148
171,54,47,150
173,52,46,153
174,52,46,152
176,53,46,151
178,54,46,150
176,55,48,149
175,56,49,148
174,57,50,147
173,58,51,146
172,59,52,146
171,60,53,145
170,61,54,144
169,62,55,143
168,63,56,142
167,64,57,142
166,65,58,141
165,66,59,140
164,67,60,139
163,68,61,138
162,69,62,138
161,70,63,137
160,71,64,136
159,72,65,135
158,73,66,134
157,74,68,134
158,74,66,134
159,74,64,134
160,74,63,134
161,74,61,134
162,74,59,134
164,74,57,134
165,74,55,134
166,74,53,134
167,74,52,134
168,74,50,134
169,74,48,134
171,74,46,134
171,74,47,134
172,74,48,134
173,74,48,134
173,74,50,134
174,74,50,134
175,74,51,134
175,74,52,134
176,74,53,134
177,74,53,134
177,74,55,134
178,74,55,134
179,75,56,134
179,73,54,136
179,72,53,137
179,71,52,138
180,70,50,139
180,69,48,140
180,68,47,141
180,67,46,142
181,66,44,143
181,65,42,144
181,64,41,145
181,63,40,146
182,62,38,147
181,62,39,147
181,62,39,147
180,62,40,147
180,62,40,147
180,62,40,147
179,62,41,147
179,62,42,147
179,62,42,147
178,62,43,147
178,62,43,147
178,62,43,147
177,62,44,147
177,62,44,147
177,62,45,147
176,62,46,147
176,62,46,147
176,62,46,147
175,62,47,147
175,62,47,147
175,62,48,147
174,62,49,147
174,62,49,147
174,62,49,147
173,62,50,147
173,62,50,147
172,62,51,147
172,62,52,147
172,62,52,147
171,62,53,147
171,62,53,147
171,62,53,147
170,62,54,147
170,62,55,147
170,62,55,147
169,62,56,147
169,62,56,147
169,62,56,147
168,62,57,147
168,62,57,147
168,62,58,147
167,62,59,147
167,62,59,147
167,62,59,147
166,62,60,147
166,62,60,147
166,62,61,147
166,62,61,147
166,62,61,147
167,62,61,147
167,62,61,147
168,62,61,147
168,62,61,147
168,62,61,147
169,62,61,147
169,62,61,147
170,62,61,147
170,62,61,147
171,63,61,147
171,65,62,145
171,67,64,143
172,69,65,141
172,71,67,139
172,73,68,137
173,75,69,135
173,77,71,133
173,79,73,131
174,81,74,130
174,83,75,128
174,85,77,126
175,87,78,124
175,89,80,122
175,91,81,120
176,93,82,118
176,95,84,116
176,97,86,114
177,99,87,113
179,96,84,115
182,94,81,117
185,92,77,119
187,90,75,120
190,88,71,122
193,86,68,124
195,84,65,125
198,82,62,127
201,79,58,130
203,77,56,131
206,75,52,133
209,73,49,135
211,71,46,136
214,69,43,138
217,67,39,140
220,65,36,142
218,66,38,141
217,68,39,139
216,69,40,138
215,71,41,136
214,73,42,134
212,74,44,133
211,76,45,131
210,77,46,130
209,79,47,128
208,81,48,126
207,80,47,127
206,80,46,127
205,79,45,128
204,79,45,128
203,78,44,129
202,78,43,129
201,77,42,130
200,77,42,130
199,76,41,131
198,76,40,131
197,75,40,132
196,75,39,132
195,74,38,133
194,74,37,133
193,73,37,134
192,73,36,134
191,72,35,135
191,72,34,135
189,72,35,135
188,72,35,135
187,72,35,135
186,72,36,135
185,72,36,135
184,72,36,135
183,73,37,135
181,73,38,135
180,73,38,135
179,73,38,135
178,73,39,135
177,73,39,135
176,73,39,135
175,74,40,135
175,75,41,134
175,76,42,133
175,78,43,131
175,79,45,130
175,80,46,129
175,82,47,127
175,83,48,126
175,84,50,125
175,86,51,123
175,87,52,122
175,89,54,120
176,88,53,120
177,87,52,121
178,86,52,122
179,86,51,122
180,85,50,122
181,84,50,123
182,83,49,124
183,83,48,124
185,82,47,125
186,81,46,125
187,81,45,125
188,80,45,126
189,79,44,127
190,78,43,127
191,78,43,127
192,77,42,128
193,76,41,129
195,76,40,129
194,76,40,128
194,76,40,128
194,76,40,128
194,77,40,127
194,77,40,127
193,77,40,127
193,77,40,127
193,78,40,126
193,78,40,126
193,78,40,126
192,78,40,126
192,79,40,125
192,79,40,125
192,79,40,125
192,80,40,124
192,79,40,124
192,79,40,124
192,79,40,124
193,79,40,124
193,79,40,124
193,79,40,124
193,79,40,124
194,79,40,124
194,79,40,124
194,79,40,124
195,79,40,124
195,79,40,124
195,78,40,124
195,78,40,124
196,78,40,124
196,78,40,124
196,78,40,124
197,78,40,124
197,78,40,124
197,78,40,124
197,78,40,124
198,78,40,124
198,78,40,124
198,78,40,124
199,78,40,124
199,77,40,124
200,77,40,124
200,76,40,124
201,76,40,124
201,75,40,124
202,75,40,124
202,74,40,124
203,74,40,124
204,74,40,124
204,73,41,124
204,73,42,124
205,73,42,124
205,73,44,124
206,73,44,124
206,73,45,124
206,73,46,124
207,73,47,124
207,73,48,124
208,72,48,124
208,72,49,124
209,72,50,124
209,72,51,124
209,72,52,124
210,72,52,124
210,72,54,124
211,72,54,124
211,72,55,124
212,72,56,124
212,72,56,124
213,73,56,123
214,74,56,123
215,75,56,122
216,76,56,121
217,77,56,121
218,78,56,120
219,79,56,119
220,80,56,119
220,81,56,118
221,82,56,117
222,83,56,117
223,84,56,116
224,85,56,115
225,86,56,115
226,87,56,114
227,88,56,113
228,89,56,113
227,89,56,113
227,89,56,113
226,89,56,113
226,89,56,113
226,89,56,113
225,89,56,113
225,89,56,113
225,89,56,113
224,89,56,113
224,89,56,113
224,89,56,113
223,89,56,113
223,89,56,113
223,89,56,113
221,88,55,114
219,87,55,115
217,87,54,115
215,86,54,116
213,86,53,116
211,85,53,117
209,85,52,117
207,84,52,118
205,84,52,118
203,83,51,119
201,82,51,120
199,82,50,120
197,81,50,121
195,81,49,121
193,80,49,122
191,80,48,122
189,79,48,123
188,79,47,123
186,79,47,123
184,80,47,122
182,80,47,122
180,81,47,121
178,81,47,121
176,82,47,120
175,83,47,119
173,83,47,119
171,84,47,118
169,84,47,118
167,85,47,117
165,85,47,117
163,86,47,116
162,87,47,116
162,87,47,116
162,87,47,116
163,87,47,116
163,87,47,116
164,87,47,116
164,87,47,116
165,87,47,116
165,87,47,116
166,87,47,116
166,87,47,116
167,87,47,116
167,87,47,116
168,87,47,116
168,87,47,116
169,87,47,116
169,87,47,116
170,87,47,116
170,86,46,117
170,85,46,118
171,84,45,119
171,83,45,120
171,83,44,120
172,82,43,121
172,81,43,122
172,80,43,123
173,80,41,123
173,79,41,124
173,78,41,125
174,77,40,126
174,77,39,126
174,76,39,127
175,75,38,128
175,74,38,129
175,74,37,129
176,73,36,130
176,72,36,131
176,71,36,132
177,71,35,132
177,70,35,132
178,70,35,132
178,70,35,132
179,70,35,132
180,70,35,132
180,70,35,132
181,70,35,132
181,70,35,132
182,70,35,132
183,70,35,132
183,70,35,132
184,70,35,132
184,70,35,132
185,70,35,132
186,69,35,132
186,69,35,132
187,69,35,132
187,69,35,132
188,69,35,132
189,69,35,132
189,69,35,132
190,69,35,132
190,69,35,132
191,69,35,132
192,69,35,132
192,69,35,132
193,69,35,132
194,69,35,132
194,69,35,132
195,69,35,132
195,69,35,132
196,69,35,132
197,69,35,132
197,69,35,132
198,69,35,132
198,69,35,132
199,69,35,132
200,70,35,132
200,70,35,132
201,70,35,132
201,70,35,132
202,70,35,132
203,70,35,132
203,70,35,132
204,70,35,132
204,70,35,132
205,70,35,132
206,71,35,132
204,71,37,132
202,71,39,132
200,71,41,132
199,71,42,132
197,71,44,132
195,71,46,132
194,71,47,132
192,71,49,132
190,71,51,132
189,71,52,132
187,71,54,132
185,71,56,132
184,71,57,132
182,71,59,132
180,71,61,132
179,71,62,132
177,71,64,132
175,71,66,132
174,71,67,132
175,70,66,132
176,69,65,133
178,68,63,134
179,67,63,135
181,66,61,136
182,66,60,135
184,65,59,136
185,64,58,137
186,63,57,138
188,62,56,139
189,61,55,140
191,61,53,139
192,60,52,140
194,59,51,141
195,58,50,142
196,57,49,143
198,56,48,144
199,56,47,143
201,55,45,144
202,54,45,145
204,53,43,146
205,52,42,147
207,52,41,147
206,52,42,147
206,52,43,147
205,52,44,147
205,52,45,147
205,52,46,147
204,52,47,147
204,52,48,147
203,52,49,147
203,52,50,147
203,52,51,147
202,52,52,147
202,52,53,147
202,52,54,147
201,52,55,147
201,52,56,147
200,52,57,147
200,52,58,147
200,52,59,147
199,52,60,147
199,52,61,147
199,52,62,147
199,52,61,147
199,52,60,147
199,52,59,147
199,52,58,147
199,52,57,147
199,52,56,147
199,52,55,147
199,52,54,147
199,52,53,147
199,52,52,147
199,52,51,147
199,52,50,147
199,52,49,147
199,52,48,147
199,52,47,147
199,52,46,147
199,52,45,147
199,52,44,147
199,52,44,147
198,52,45,147
198,52,45,147
198,52,46,147
197,52,47,147
197,52,48,147
197,52,48,147
197,52,49,147
196,52,50,147
196,52,51,147
196,52,51,147
195,52,52,147
195,52,53,147
195,52,53,147
195,52,54,147
194,52,55,147
194,52,56,147
194,52,56,147
194,52,57,147
194,52,56,147
195,52,55,147
195,52,55,147
196,52,53,147
197,52,52,147
197,52,52,147
198,52,50,147
198,52,50,147
199,52,49,147
200,52,47,147
200,52,47,147
201,52,46,147
201,52,45,147
202,52,44,147
203,52,43,147
202,52,44,147
201,52,45,147
201,52,45,147
200,52,46,147
200,52,46,147
199,52,47,147
199,52,47,147
199,52,47,147
199,52,47,147
199,52,48,147
199,52,48,147
199,53,48,146
199,53,49,146
199,53,49,146
199,53,50,146
199,53,50,146
199,54,50,145
199,54,51,145
199,54,51,145
199,54,51,145
199,54,52,145
199,55,52,144
199,55,53,144
199,55,53,144
199,55,53,144
199,55,54,144
199,56,54,143
199,56,54,143
199,56,55,143
199,56,55,143
200,57,55,142
200,58,55,141
200,59,55,140
200,60,55,139
200,61,55,138
200,63,55,136
200,64,55,135
200,65,55,134
200,66,55,133
200,67,55,132
200,69,55,130
200,68,55,131
200,67,55,132
200,66,56,133
200,65,56,134
200,65,56,134
200,64,57,135
200,63,57,136
200,62,57,137
200,61,58,138
200,61,58,138
200,60,58,139
200,59,59,140
200,58,59,141
200,58,60,141
197,59,62,140
195,61,63,138
192,63,65,136
190,64,66,135
187,66,68,133
185,68,70,131
182,70,72,129
180,71,73,128
177,73,75,126
175,75,76,124
173,77,78,122
172,77,77,122
171,77,77,122
170,77,76,122
170,77,75,122
169,77,74,122
168,77,74,122
167,77,73,122
167,77,72,122
166,77,71,122
165,77,71,122
165,78,70,122
164,78,69,122
164,78,68,122
163,78,67,122
163,78,66,122
162,78,65,122
162,78,64,122
161,78,63,122
161,78,62,122
161,79,61,122
159,78,61,122
157,78,61,122
155,78,61,122
154,78,61,122
152,78,61,122
150,78,61,122
149,78,61,122
147,78,61,122
145,78,61,122
144,78,61,122
146,75,59,124
149,72,57,127
151,69,56,130
154,66,54,133
156,64,53,135
159,61,50,138
161,58,49,141
164,55,47,144
166,52,46,147
169,50,44,149
170,51,44,148
171,52,44,147
172,53,44,146
173,54,44,145
174,55,44,144
175,56,44,143
177,57,44,142
178,58,44,141
179,59,44,140
180,60,44,139
181,61,44,138
182,62,44,137
183,63,44,136
185,64,44,136
186,64,43,136
187,64,43,136
188,64,42,136
189,64,42,136
190,65,41,136
191,65,41,136
192,65,40,136
193,65,40,136
194,65,39,136
195,66,39,136
194,66,39,136
194,66,39,136
194,67,39,136
194,67,39,136
194,67,39,136
194,68,39,136
194,68,39,136
194,68,39,136
194,69,39,136
194,69,39,136
194,70,39,136
194,70,39,136
194,70,39,136
194,71,39,136
194,71,39,136
194,71,39,136
194,72,39,136
194,72,39,136
194,73,39,136
194,73,39,136
194,73,39,136
195,73,39,136
195,73,39,136
196,74,39,136
196,74,39,136
197,74,39,136
197,74,39,136
198,75,39,136
198,75,39,136
199,75,39,136
199,76,39,136
200,76,39,136
200,77,39,136
201,77,39,136
202,78,39,136
201,78,39,136
200,79,39,136
199,79,39,136
198,80,39,136
197,80,39,136
197,81,39,136
197,81,39,136
197,81,39,136
